0.081640  0.113565
0.105998  0.139907
0.107378  0.125033
0.147563  0.097745
0.126318  0.117247
0.089596  0.096637
0.136711  0.120604
0.093505  0.099007
0.081693  0.086253
0.082364  0.096171
0.122075  0.133687
0.088058  0.086941
0.078501  0.054721
0.104869  0.050640
0.138733  0.060900
0.217747  0.084624
0.189871  0.072591
0.194715  0.077574
0.253357  0.060572
0.228426  0.099385
0.321898  0.134614
0.380955  0.140132
0.412873  0.107068
0.598150  0.118643
0.633181  0.140292
0.670032  0.123596
0.760365  0.119689
0.983227  0.120044
0.966314  0.091259
1.558088  0.090527
2.094650  0.067453
3.400616  0.053724
2.955814  0.047960
3.332888  0.070257
2.741410  0.101099
2.965280  0.064552
2.107295  0.104018
1.295511  0.099415
0.822689  0.136987
1.169605  0.105871
1.833381  0.128520
1.816956  0.128473
1.653684  0.199469
1.015641  0.264152
0.822342  0.241576
1.273299  0.149334
0.963846  0.133494
1.261127  0.121887
1.296480  0.097408
1.003421  0.122015
1.447071  0.139577
1.090260  0.135436
1.144355  0.135330
0.957028  0.209560
0.765940  0.237716
0.682603  0.178063
0.760443  0.249019
0.818316  0.217583
0.779714  0.271930
0.972141  0.201231
0.747242  0.188016
1.140727  0.192153
1.274355  0.214467
1.001312  0.215636
0.888195  0.171789
1.113862  0.174685
0.744573  0.215990
0.555865  0.171578
0.564119  0.170811
0.890700  0.160962
0.624741  0.190569
0.646518  0.308345
0.879158  0.267424
0.699738  0.357301
0.583242  0.270845
0.515444  0.220372
0.518265  0.214884
0.356458  0.284441
0.459623  0.283275
0.448910  0.272715
0.645853  0.218518
0.649154  0.291452
0.458162  0.261458
0.569504  0.165554
0.500076  0.151726
0.437697  0.221825
0.473425  0.216606
0.667786  0.218254
0.859555  0.180861
1.300345  0.173276
0.878682  0.109481
1.293349  0.178557
1.620547  0.189741
1.581207  0.161715
1.524296  0.191392
1.263073  0.285347
0.813277  0.187677
0.805470  0.226676
1.260037  0.146836
1.192268  0.135924
0.916670  0.179767
0.729310  0.175268
0.830245  0.252559
0.766444  0.165804
0.643717  0.243235
0.932362  0.240733
0.723632  0.263183
0.509080  0.208344
0.609995  0.213011
0.533976  0.139857
0.461637  0.165965
0.528839  0.179568
0.662959  0.180435
0.795717  0.180672
0.661274  0.178564
0.692233  0.160156
0.742827  0.221946
0.489824  0.166117
0.474092  0.191360
0.638378  0.213567
0.645813  0.168615
0.579199  0.206710
0.540744  0.242178
0.689495  0.243440
0.643287  0.205199
0.950523  0.157803
0.943688  0.243921
0.780877  0.169177
0.588042  0.270268
0.565422  0.261544
0.658441  0.230611
0.901435  0.247073
0.592719  0.171377
0.609056  0.222340
0.794614  0.167683
0.515623  0.258758
0.494253  0.209873
0.747216  0.230795
0.750297  0.228804
0.740521  0.370511
0.850850  0.273053
0.580556  0.244549
0.773738  0.239482
0.656977  0.240786
