0.112402  0.112436
0.159785  0.075810
0.126897  0.079074
0.093629  0.052920
0.152937  0.040352
0.143209  0.066492
0.109581  0.040947
0.135521  0.027931
0.099035  0.018109
0.111740  0.020780
0.129373  0.033265
0.158639  0.030831
0.173999  0.043790
0.193320  0.033949
0.270049  0.034903
0.283042  0.055789
0.382174  0.058662
0.407689  0.050398
0.632540  0.055842
0.827352  0.091919
0.683190  0.134123
0.995927  0.106133
1.021760  0.107329
1.038818  0.080969
1.649207  0.128111
1.735535  0.077704
2.488838  0.121121
2.811366  0.115159
4.034221  0.112067
4.319631  0.126721
3.199776  0.131269
3.045172  0.148852
4.279572  0.139244
3.923555  0.115846
2.461390  0.088291
2.608815  0.110095
1.696314  0.135697
1.318049  0.098553
0.923180  0.145594
1.046943  0.108700
1.060459  0.143071
0.998872  0.102564
1.111342  0.074661
1.398048  0.096646
1.813882  0.090939
1.494697  0.069923
0.914645  0.093790
1.426704  0.146782
0.893709  0.099026
0.902850  0.134454
0.880101  0.133627
0.959204  0.131218
1.375645  0.128091
1.000701  0.151390
1.055805  0.139601
0.867765  0.187643
0.782985  0.115498
0.808477  0.162493
1.187213  0.099992
1.692753  0.154059
1.052415  0.095251
1.071414  0.137827
0.950489  0.151365
1.389499  0.167548
1.516809  0.184087
1.120774  0.242490
0.710387  0.167992
0.753473  0.193004
0.785878  0.144712
0.959139  0.105287
1.530442  0.163087
1.225998  0.231684
1.706337  0.143563
1.150303  0.213573
1.697971  0.140304
1.352875  0.144258
1.738175  0.134576
1.698485  0.157310
1.189735  0.225126
1.305951  0.328877
0.843292  0.246792
0.904141  0.272729
1.282954  0.182515
1.556893  0.246561
0.976344  0.222122
0.978429  0.182337
0.680096  0.170670
0.951153  0.143012
0.949936  0.133523
1.422065  0.194427
1.029745  0.255327
0.650095  0.161021
0.652299  0.184797
1.022958  0.127457
0.780113  0.194387
0.638386  0.202395
0.555731  0.182555
0.525012  0.174673
0.603818  0.217691
0.760467  0.225170
0.869161  0.232733
0.546062  0.200539
0.759833  0.170232
0.846502  0.212479
0.757427  0.146372
0.962895  0.176819
0.900984  0.277121
0.873964  0.222330
1.205520  0.210799
1.160338  0.234406
0.856084  0.306754
0.800685  0.228964
0.871978  0.159460
0.878552  0.204206
0.657062  0.221223
0.742753  0.189970
0.724804  0.160223
0.624316  0.166621
1.012321  0.200602
0.973357  0.270966
0.810187  0.225259
