0.000802  10334.892530
0.000657  8068.630798
0.000406  8575.968603
0.000258  7876.116887
0.000253  9357.056580
0.000237  10158.441487
0.000229  7945.875861
0.000145  7227.174831
0.000125  6882.621554
0.000123  6832.910359
0.000109  8178.114281
0.000078  8733.160406
0.000093  7105.497956
0.000095  7497.009824
0.000079  6170.291432
0.000081  5069.550560
0.000099  4917.685550
0.000128  4096.567297
0.000112  3489.147051
0.000071  4296.459508
0.000083  3845.285692
0.000078  3067.436942
0.000052  3103.144083
0.000082  3372.369195
0.000067  2674.597528
0.000047  2191.935065
0.000071  1795.185285
0.000074  1951.485386
0.000071  2024.680236
0.000087  2026.683420
0.000060  2139.533558
0.000053  1799.783507
0.000050  1994.541839
0.000047  2382.525809
0.000051  2058.492208
0.000060  2115.084762
0.000059  1955.848665
0.000048  2046.604214
0.000057  2042.248702
0.000052  1596.297391
0.000035  1300.171758
0.000034  1581.318700
0.000040  2009.836856
0.000055  2124.253466
0.000052  2280.199461
0.000054  2032.455098
0.000047  2552.924821
0.000043  2334.394728
0.000042  2265.785990
0.000037  1824.365162
0.000028  2119.703739
0.000031  2569.227270
0.000038  2776.473616
0.000044  2699.657243
0.000035  2309.449169
0.000040  1903.383255
0.000039  1862.950329
0.000046  2156.076862
0.000067  1713.560977
0.000042  1367.350590
0.000055  1686.543388
0.000037  1625.311775
0.000045  1601.880590
0.000050  1709.451057
0.000045  1568.287532
0.000036  1759.716682
0.000053  2041.591049
0.000051  2580.332851
0.000051  2058.001009
0.000058  2593.441704
0.000049  2056.665625
0.000037  2620.534955
0.000042  2613.742624
0.000048  2511.486039
0.000040  2008.850261
0.000048  2005.934387
0.000044  1957.385769
0.000049  1616.671456
0.000048  1980.189250
0.000047  2016.070778
0.000049  1731.365033
0.000041  1923.393542
0.000045  1918.286348
0.000055  2357.435762
0.000050  2023.122654
0.000052  1720.756920
0.000055  1543.064418
0.000053  1239.448260
0.000057  1137.869148
0.000055  1328.867472
0.000055  1465.874105
0.000042  1217.119209
0.000054  1478.909905
0.000060  1228.335296
0.000047  1148.548281
0.000053  1351.052378
0.000050  1327.142851
0.000050  1224.851278
0.000041  1064.305841
0.000038  1178.417914
0.000061  1151.440032
0.000055  1138.633228
0.000048  1222.256875
0.000044  1498.995530
0.000059  1351.509591
0.000058  1118.342722
0.000054  1391.892713
0.000052  1461.821345
0.000056  1345.850689
0.000047  1243.302610
0.000043  1303.643176
0.000050  1089.023054
0.000058  966.392632
0.000055  1203.196190
0.000054  988.874779
0.000057  953.579230
0.000061  1041.302887
0.000051  1246.169318
0.000055  1125.934790
0.000042  927.417005
0.000056  1053.697590
0.000064  1136.586039
0.000054  1084.981223
0.000057  1149.824416
0.000048  1461.491432
0.000051  1152.579152
0.000048  1416.104319
0.000054  1368.110881
0.000049  1086.094060
0.000061  933.484066
0.000050  1006.158154
0.000056  790.154529
0.000058  781.643556
0.000056  763.724420
0.000055  768.166546
