0.001504  11856.439210
0.000939  15215.575842
0.000777  13250.100853
0.000503  13150.902888
0.000389  12893.067650
0.000328  15181.374770
0.000226  12420.023725
0.000146  10412.616113
0.000103  8749.940069
0.000102  8559.574607
0.000092  7321.989556
0.000099  7856.944524
0.000111  7908.341785
0.000070  6184.528757
0.000084  6607.532945
0.000114  7009.518413
0.000092  7684.866179
0.000119  8953.251287
0.000098  10156.088118
0.000127  10747.897317
0.000087  13358.923926
0.000061  12255.141025
0.000091  12433.318570
0.000090  13462.738822
0.000061  16464.409709
0.000050  17281.855196
0.000067  15780.198586
0.000061  14159.597215
0.000063  11441.567570
0.000075  9944.707954
0.000061  10378.732680
0.000056  8250.185061
0.000048  7097.920590
0.000038  7371.855972
0.000029  7219.807725
0.000036  7079.396558
0.000041  8958.008773
0.000049  8366.380349
0.000055  10427.170089
0.000051  9593.770018
0.000042  11577.097353
0.000057  10096.142520
0.000042  9077.602963
0.000058  8128.024780
0.000047  9252.716632
0.000042  8920.773550
0.000033  10952.028443
0.000052  11872.447545
0.000041  14374.287358
0.000065  13020.437139
0.000041  11297.697830
0.000049  11127.560540
0.000059  9475.657594
0.000041  10859.481990
0.000049  11320.111047
0.000056  10370.947147
0.000055  12378.407736
0.000039  9740.402970
0.000031  9064.095449
0.000037  9176.007836
0.000056  7296.510020
0.000042  7097.587645
0.000033  7288.641871
0.000052  6789.193083
0.000037  5996.269582
0.000051  5876.814187
0.000037  6669.191705
0.000042  5526.423526
0.000048  4520.341915
0.000039  5658.625031
0.000046  4501.651456
0.000040  3626.737733
0.000033  3441.927006
0.000038  3191.449586
0.000044  2640.478476
0.000038  2398.811790
0.000039  2939.642531
0.000041  3218.001378
0.000034  3123.041599
0.000040  3387.322492
0.000056  2698.038195
0.000036  2110.064904
0.000054  1656.886873
0.000049  1871.814885
0.000051  1848.883049
0.000039  1673.442696
0.000038  1908.307944
0.000037  1673.164025
0.000045  1525.859387
0.000037  1576.420289
0.000044  1701.506622
0.000036  2093.392086
0.000032  2238.863787
0.000041  1894.770676
0.000035  1546.896890
0.000038  1408.581698
0.000038  1319.488625
0.000042  1307.014674
0.000040  1134.437928
0.000041  987.594586
0.000035  1007.959571
0.000043  1233.637250
0.000046  1246.175973
0.000051  1514.096178
0.000045  1224.739822
0.000040  1148.068891
0.000036  1353.265592
0.000051  1417.182347
0.000047  1605.081833
0.000051  1306.449541
0.000056  1415.985787
0.000053  1444.544127
0.000048  1438.592868
0.000038  1651.036015
0.000047  1860.409053
0.000050  1754.608066
0.000040  1430.207817
0.000052  1520.538148
0.000040  1276.751158
0.000048  1597.890908
0.000049  1595.287560
0.000047  1320.278287
0.000044  1547.144954
0.000037  1267.471341
0.000050  1333.981797
0.000047  1405.582878
0.000043  1111.775156
0.000048  1313.222987
0.000041  1147.685063
0.000043  938.865685
0.000037  1042.355432
0.000045  961.189849
0.000048  955.483833
0.000051  1152.471872
0.000044  1145.288223
0.000046  994.465479
0.000047  971.206499
0.000041  1161.885878
0.000034  1286.456548
0.000039  1266.999818
0.000043  1082.701574
0.000051  982.038191
0.000044  1170.375323
0.000044  1251.836964
