0.111746  0.096789
0.104346  0.150668
0.079456  0.154765
0.055692  0.181980
0.057018  0.295673
0.045553  0.297294
0.063719  0.245799
0.046408  0.191667
0.056772  0.157011
0.052739  0.232386
0.055040  0.212224
0.051018  0.226498
0.044225  0.267252
0.068327  0.218971
0.100066  0.252239
0.083453  0.172120
0.120634  0.217851
0.187929  0.326683
0.278496  0.449731
0.368634  0.310177
0.226367  0.371914
0.280573  0.378698
0.308554  0.329214
0.493209  0.205609
0.657405  0.196400
1.005863  0.263546
0.688539  0.334120
0.474012  0.261209
0.636240  0.355549
0.827847  0.228943
0.558418  0.218988
0.760070  0.312131
1.019668  0.361031
1.346659  0.301600
1.942870  0.329665
2.136758  0.359769
1.441838  0.254996
1.781798  0.419191
1.846284  0.368248
1.540956  0.333908
2.076992  0.247955
1.396923  0.328527
1.091416  0.314787
0.814769  0.405481
0.725234  0.279506
1.107183  0.277470
0.912481  0.450646
1.415010  0.302662
1.051141  0.206167
1.600514  0.222219
1.283536  0.199839
1.228058  0.138128
0.797844  0.227526
1.180899  0.148788
1.238527  0.227046
0.897465  0.238102
0.876720  0.158847
0.605785  0.244878
0.969645  0.255749
1.030374  0.307271
1.523326  0.226611
1.219444  0.224729
1.313358  0.279462
0.970271  0.223023
1.576193  0.213004
1.067542  0.267971
1.132318  0.208212
1.073478  0.235566
1.568158  0.301251
2.352163  0.217414
1.820359  0.210543
1.585068  0.278278
1.043481  0.212322
1.064800  0.190674
0.852316  0.188047
1.065278  0.282924
1.623240  0.226382
2.359843  0.278591
1.779604  0.400795
2.018169  0.368302
2.011821  0.251753
1.786305  0.256857
1.202327  0.262475
1.086869  0.344693
0.692635  0.232091
1.027721  0.331999
0.865583  0.304756
1.378447  0.309532
1.853212  0.374554
2.513039  0.311281
1.927114  0.322504
2.031628  0.454888
1.579675  0.285238
1.266705  0.354023
1.121531  0.357019
1.806434  0.347880
2.006390  0.381585
2.151563  0.355790
1.563795  0.305962
1.014923  0.227378
0.991557  0.276750
0.814288  0.237624
0.971471  0.273919
0.959461  0.226298
0.792497  0.281293
1.258450  0.191082
0.788959  0.291249
1.297923  0.254623
0.818899  0.232490
0.900782  0.301673
0.694378  0.347464
0.959669  0.308117
1.524099  0.269486
1.386398  0.212366
1.389899  0.288694
1.684071  0.268509
1.428907  0.344445
1.134402  0.241515
1.464299  0.272529
1.913422  0.338437
1.340267  0.331395
1.515195  0.236642
1.135143  0.240668
1.090884  0.310924
1.038060  0.265173
0.686578  0.342097
1.028775  0.288583
0.888454  0.288916
0.808468  0.261393
