0.089480  0.067920
0.066746  0.057919
0.079825  0.060679
0.111708  0.037460
0.069911  0.031804
0.054840  0.045416
0.043555  0.074569
0.050114  0.094617
0.045807  0.121386
0.066366  0.074840
0.108351  0.103400
0.134320  0.104721
0.096026  0.172300
0.105369  0.147717
0.169284  0.159097
0.155348  0.209425
0.116501  0.257387
0.184982  0.334375
0.262374  0.307540
0.356521  0.369777
0.332058  0.256735
0.536165  0.268485
0.873244  0.255322
0.831211  0.191845
0.817650  0.177824
0.980657  0.290724
1.421673  0.245608
0.889723  0.234249
1.190069  0.170561
1.293035  0.197980
0.940057  0.241761
1.346094  0.253015
1.531785  0.264114
0.943867  0.268671
0.979705  0.252559
1.069384  0.382346
1.533516  0.435307
1.051393  0.312678
1.153464  0.322871
1.481580  0.298389
1.188591  0.371760
1.697760  0.284755
1.300438  0.210152
0.929539  0.215769
1.083100  0.269074
0.835735  0.181505
1.358947  0.156572
1.003520  0.171701
0.643938  0.112454
0.640148  0.122202
0.968251  0.147045
0.823290  0.096713
0.979337  0.136307
0.610376  0.135527
0.657681  0.191689
0.661109  0.262483
0.945186  0.307988
0.584596  0.224086
0.803631  0.166341
0.789881  0.177574
0.851024  0.193551
0.995033  0.223542
1.298702  0.254286
1.058653  0.269326
0.691254  0.206709
0.805410  0.174879
0.567639  0.164953
0.757796  0.242718
1.014243  0.239025
0.743713  0.315375
0.550063  0.372817
0.356887  0.244920
0.564565  0.293452
0.700719  0.273654
0.638113  0.189016
0.599557  0.230130
0.946849  0.208919
0.735230  0.294506
0.992319  0.318647
0.887665  0.261962
1.180891  0.258648
0.753113  0.230528
1.177805  0.232458
0.774206  0.257663
0.882637  0.283924
0.743672  0.235572
1.066283  0.211725
1.044827  0.170639
0.730475  0.200620
0.503898  0.227857
0.788681  0.230761
0.688087  0.301348
1.084631  0.279462
0.791560  0.264831
0.654464  0.207343
0.539444  0.207891
0.740905  0.267541
0.760934  0.316832
1.182156  0.256025
0.718927  0.178155
0.727164  0.154259
0.790209  0.228220
0.870107  0.266289
0.948560  0.241016
0.779967  0.221059
0.531223  0.295179
0.752438  0.182458
0.677052  0.197762
1.009091  0.277923
0.971170  0.203829
0.700116  0.308215
0.583723  0.187818
0.752871  0.275284
1.103095  0.233747
0.855441  0.207727
0.824677  0.256073
0.949285  0.257372
0.933462  0.208295
0.622470  0.297371
0.968427  0.350884
0.641090  0.222391
0.448185  0.231716
0.559284  0.217841
0.349140  0.191438
0.572017  0.285379
0.700568  0.203565
0.530907  0.191152
0.857708  0.216816
0.689066  0.288983
