0.116270  0.083646
0.091959  0.062018
0.151537  0.070084
0.194149  0.045683
0.283912  0.061001
0.390690  0.043860
0.271968  0.040321
0.271634  0.025641
0.389147  0.021900
0.501076  0.018927
0.551500  0.024653
0.669806  0.025995
1.061436  0.036352
1.461785  0.046774
1.285269  0.048201
1.091321  0.058741
0.683759  0.051342
0.812670  0.057811
0.804244  0.039955
1.092494  0.063165
0.692083  0.079388
0.803586  0.114084
0.788759  0.104495
0.511395  0.164779
0.563986  0.191700
0.528100  0.315401
0.557245  0.195281
0.716985  0.178265
0.986196  0.190810
0.753639  0.226841
0.828392  0.182149
0.944115  0.271435
1.236380  0.271833
1.207546  0.259861
1.238529  0.223064
1.936309  0.334178
1.764474  0.480733
2.356060  0.406589
2.239464  0.460740
1.872588  0.454591
2.693878  0.553613
2.005259  0.547428
2.700937  0.427173
3.754785  0.415665
4.013898  0.354916
3.728370  0.252413
3.935114  0.254578
2.691426  0.404388
1.907385  0.272473
1.282448  0.313117
1.160326  0.306183
0.716247  0.300187
0.668271  0.324396
0.738467  0.342864
1.121717  0.281722
1.632176  0.202345
1.418644  0.237969
1.991768  0.373544
2.097011  0.402664
1.508108  0.438064
2.474899  0.318246
1.662737  0.213651
1.073812  0.183148
1.709959  0.248124
1.437221  0.315719
0.891169  0.383539
0.732087  0.278402
0.552675  0.364423
0.889297  0.301222
0.679192  0.327573
0.959956  0.263431
0.998108  0.362217
1.219089  0.317483
1.468069  0.321102
1.382721  0.273106
0.999203  0.338376
1.490129  0.238772
1.303209  0.216800
0.875954  0.330798
1.191723  0.247053
1.027929  0.247347
0.874425  0.218567
0.567180  0.357370
0.798340  0.287018
0.674588  0.282850
0.600259  0.222237
0.773496  0.263250
0.942682  0.331659
0.613167  0.317659
0.531231  0.217201
0.593744  0.238006
0.457137  0.259160
0.390345  0.307611
0.459806  0.217991
0.364537  0.267198
0.503684  0.310745
0.606013  0.272114
0.914999  0.349725
1.200201  0.241338
1.144940  0.223436
0.761491  0.361951
0.963825  0.233967
0.921207  0.220740
0.773942  0.362032
0.506612  0.281983
0.531779  0.354143
0.561841  0.258514
0.750825  0.352413
0.941730  0.301044
