0.000635  9625.143861
0.000436  8693.127872
0.000266  10489.279075
0.000238  10710.558742
0.000165  9022.343611
0.000133  8144.375885
0.000103  6799.579126
0.000096  5615.383224
0.000106  5684.559632
0.000079  4702.854707
0.000129  4387.417953
0.000115  4656.303430
0.000096  4470.020768
0.000069  3512.845921
0.000083  3734.653831
0.000082  3461.655232
0.000067  3299.406873
0.000050  2575.894894
0.000056  2795.310006
0.000043  2389.341131
0.000052  2441.352621
0.000046  2506.050732
0.000048  2020.469142
0.000062  2142.163600
0.000069  1926.784260
0.000049  2337.749465
0.000058  1839.656989
0.000057  2019.144359
0.000044  1589.467170
0.000053  1531.338182
0.000046  1468.937273
0.000042  1188.596908
0.000045  1252.177354
0.000046  1533.526057
0.000047  1881.150579
0.000038  1768.154888
0.000034  1774.158217
0.000048  1401.137903
0.000037  1235.376413
0.000041  1229.227033
0.000027  1117.493454
0.000040  1177.246461
0.000051  1100.766416
0.000057  981.861265
0.000035  1038.753280
0.000050  1092.463518
0.000070  1048.259617
0.000047  876.169020
0.000065  752.302634
0.000064  862.793194
0.000051  1000.963203
0.000078  1169.837406
0.000069  1105.524172
0.000056  1088.468747
0.000049  972.999702
0.000053  997.656672
0.000044  1180.888159
0.000059  1232.720883
0.000059  1457.053222
0.000059  1857.734641
0.000065  2135.293747
0.000053  2061.053756
0.000047  1807.495842
0.000045  1718.692493
0.000059  1719.958875
0.000065  1568.624895
0.000061  1942.161446
0.000051  2275.091264
0.000045  2232.798852
0.000045  1896.407463
0.000043  1566.741764
0.000053  1450.972320
0.000057  1436.690012
0.000054  1541.927164
0.000058  1738.402269
0.000052  1516.137161
0.000064  1259.707830
0.000047  1237.411773
0.000042  1532.576566
0.000051  1628.695777
0.000047  1313.204852
0.000049  1235.329375
0.000055  1157.980229
0.000049  1085.952481
0.000053  1282.828541
0.000050  1089.625293
0.000044  998.116071
0.000054  1244.683094
0.000067  1388.521554
0.000060  1094.949221
0.000052  1069.534143
0.000050  846.878495
0.000051  897.035161
0.000056  976.448673
0.000061  1093.859193
0.000062  1314.245671
0.000054  1232.038410
0.000054  1127.586643
0.000050  1072.755028
0.000074  927.570145
0.000065  844.043736
0.000053  1070.601858
0.000058  860.550437
0.000053  882.118409
0.000054  1045.928764
0.000061  1054.948585
0.000053  1037.917672
0.000049  980.695570
0.000051  903.723001
0.000047  972.930631
0.000052  1031.088494
0.000070  977.672392
0.000056  842.934256
0.000055  1067.992384
0.000059  910.296186
0.000061  854.836505
0.000057  1019.612217
0.000054  1015.973475
0.000056  1152.606398
0.000049  1017.309059
0.000049  1160.809585
0.000059  986.881838
0.000070  1159.502143
0.000068  1266.153563
0.000059  1358.340573
0.000062  1427.257246
0.000070  1211.909710
0.000052  1366.999715
0.000049  1387.622122
