0.083143  0.120883
0.098867  0.073668
0.076230  0.080605
0.065658  0.112103
0.105866  0.094799
0.093614  0.087954
0.070329  0.089837
0.089710  0.075096
0.066813  0.103286
0.044750  0.162275
0.038274  0.127100
0.057803  0.092854
0.051499  0.077037
0.076805  0.106780
0.120199  0.162361
0.189870  0.148441
0.140561  0.111041
0.208620  0.109693
0.316748  0.122228
0.204385  0.184345
0.146042  0.122717
0.209999  0.146942
0.153420  0.240195
0.118335  0.169278
0.167514  0.156091
0.149465  0.116791
0.210489  0.150531
0.212724  0.155542
0.171372  0.113467
0.148976  0.169109
0.168508  0.152244
0.163501  0.126740
0.156980  0.091084
0.251080  0.148303
0.288847  0.239955
0.227242  0.245193
0.327499  0.203976
0.284347  0.154014
0.352603  0.168290
0.380206  0.105388
0.258208  0.105373
0.167797  0.081353
0.232474  0.114610
0.146406  0.147450
0.178642  0.102539
0.125220  0.113115
0.090600  0.172979
0.127716  0.122933
0.131321  0.134682
0.155982  0.143113
0.136899  0.145055
0.188860  0.156216
0.134805  0.142311
0.200445  0.146211
0.225093  0.157519
0.201586  0.233869
0.303349  0.158473
0.206540  0.153506
0.194825  0.137514
0.121400  0.100870
0.164807  0.155325
0.163628  0.226911
0.145898  0.206475
0.173695  0.141214
0.113835  0.163024
0.114741  0.152763
0.186317  0.213099
0.178258  0.268757
0.151385  0.249704
0.168942  0.278605
0.157747  0.195223
0.106981  0.192118
0.072371  0.224047
0.083494  0.186742
0.058438  0.180489
0.057365  0.159654
0.081190  0.192041
0.066929  0.168734
0.106759  0.147421
0.069411  0.241123
0.097831  0.169145
0.101632  0.110396
0.096146  0.143642
0.067836  0.230316
0.086685  0.157259
0.099918  0.227385
0.086071  0.173815
0.112264  0.203158
0.138894  0.211655
0.193528  0.289267
0.149125  0.227845
0.189980  0.187724
0.211505  0.138256
0.152513  0.149289
0.127816  0.184166
0.190196  0.161498
0.170832  0.219697
0.182118  0.264201
0.148423  0.174018
0.128972  0.172186
0.124549  0.132067
0.134358  0.142100
0.213146  0.213791
0.185372  0.183313
0.151093  0.157590
0.170210  0.213522
0.109293  0.188307
0.121113  0.135353
0.132667  0.178188
0.088645  0.169148
0.056549  0.187088
0.089676  0.265722
0.108994  0.164415
0.097107  0.234864
0.152687  0.153904
0.178376  0.200555
0.165732  0.198165
0.148294  0.257532
0.152606  0.263532
0.238817  0.301223
0.154072  0.320417
0.132928  0.203913
0.156832  0.134409
0.153411  0.192301
0.188446  0.299985
0.160698  0.211533
0.133787  0.146414
0.096407  0.143128
0.091664  0.231344
0.111999  0.202520
0.080249  0.221998
0.127301  0.243265
0.130410  0.176225
0.119662  0.282282
0.100465  0.244006
0.080548  0.207746
0.122128  0.259755
0.177462  0.232925
0.241525  0.223264
0.208044  0.144447
0.137103  0.225622
0.140122  0.280295
0.093980  0.246462
0.128190  0.239008
0.142456  0.151250
0.190269  0.126093
0.183151  0.175067
0.121786  0.157838
0.119519  0.145245
0.102645  0.208139
0.166832  0.326491
0.107678  0.272195
0.068209  0.215699
0.075188  0.242936
0.081584  0.189453
0.087042  0.257629
0.109795  0.165825
0.121425  0.127578
0.119507  0.143214
0.139732  0.118883
0.140762  0.177915
0.111642  0.222605
0.138559  0.250339
0.154923  0.190358
0.123620  0.224390
0.121094  0.222999
0.163006  0.146135
0.158312  0.169032
0.110891  0.151000
0.095696  0.140088
0.144530  0.170335
0.137779  0.256586
0.106633  0.175999
0.095548  0.221886
0.139228  0.144471
0.132934  0.213534
0.162174  0.195026
0.168195  0.174118
