0.121727  0.068809
0.198238  0.050731
0.312542  0.040747
0.315826  0.063801
0.369922  0.042104
0.517176  0.038693
0.483011  0.057396
0.415696  0.052425
0.294414  0.077711
0.367919  0.105268
0.512898  0.096090
0.637875  0.125962
0.393235  0.114719
0.311786  0.147869
0.225228  0.160723
0.229533  0.162830
0.285696  0.118177
0.419078  0.087484
0.297424  0.141482
0.339121  0.086624
0.469634  0.082039
0.510986  0.084713
0.743890  0.062823
0.479707  0.050276
0.337609  0.077935
0.302098  0.103736
0.275406  0.110111
0.178106  0.133893
0.174301  0.138216
0.275410  0.191642
0.267556  0.136110
0.280612  0.176955
0.225122  0.255040
0.302926  0.246581
0.232402  0.175005
0.340507  0.168459
0.404935  0.181464
0.298533  0.182942
0.315041  0.150586
0.331715  0.207873
0.267720  0.225847
0.247356  0.255864
0.248945  0.209329
0.325155  0.146506
0.209269  0.201258
0.329980  0.126180
0.505421  0.183865
0.418557  0.233447
0.260329  0.143253
0.353989  0.103512
0.308078  0.112206
0.481173  0.155682
0.381734  0.233168
0.243334  0.204183
0.292238  0.185778
0.217563  0.171349
0.321357  0.220643
0.389415  0.182229
0.412599  0.257895
0.319391  0.256552
0.299686  0.184896
0.239809  0.120642
0.155810  0.126271
0.123592  0.153541
0.134234  0.147931
0.153092  0.105243
0.159085  0.086713
0.235979  0.104691
0.327418  0.118429
0.231159  0.162688
0.157329  0.260601
0.245101  0.304974
0.240115  0.269470
0.268998  0.199099
0.393726  0.183534
0.487373  0.237697
0.370900  0.151915
0.320923  0.105446
0.219838  0.172171
0.308581  0.242049
0.466046  0.197878
0.307317  0.225376
0.460959  0.218910
0.351598  0.178640
0.232831  0.176738
0.234340  0.268378
0.212670  0.249488
0.165295  0.188825
0.251227  0.245280
0.389554  0.183217
0.269994  0.179463
0.245347  0.215679
0.352292  0.220470
0.290285  0.158327
0.401240  0.184861
0.373516  0.239544
0.251768  0.181421
0.193076  0.297577
0.127857  0.230374
0.198199  0.298145
0.251455  0.196122
0.154070  0.236472
0.188008  0.245926
0.147378  0.180923
0.125013  0.160075
0.163342  0.192493
0.173927  0.172150
0.109281  0.160105
0.120631  0.147406
0.106900  0.195282
0.140320  0.221364
0.107250  0.240643
0.122572  0.379466
0.087687  0.240319
0.123805  0.234342
0.185179  0.269624
0.242993  0.183443
0.165260  0.246748
0.239034  0.168226
0.256103  0.137169
0.239091  0.213007
0.243893  0.284317
0.159709  0.307695
0.111041  0.189475
0.147215  0.130842
0.194971  0.199005
0.207161  0.166483
0.156335  0.266883
0.228159  0.285740
0.163784  0.207294
0.191577  0.263313
0.183796  0.187741
0.113124  0.160561
0.070151  0.178431
0.065810  0.169172
0.084960  0.136235
0.116234  0.141941
0.141763  0.202120
0.205383  0.248412
0.212348  0.338555
0.260597  0.209764
0.216362  0.193616
0.219964  0.210444
0.302555  0.196748
0.286535  0.193971
0.284152  0.170495
0.311846  0.188326
0.190097  0.174811
0.159467  0.213956
0.181146  0.318467
0.114148  0.224197
0.086919  0.179813
0.130589  0.222073
0.149082  0.174643
0.175768  0.248912
0.132544  0.216371
0.150832  0.204444
0.246498  0.183124
0.228177  0.265499
0.362528  0.269873
0.271664  0.195086
0.322378  0.286906
0.209723  0.230933
0.186911  0.154447
0.124309  0.185224
0.151550  0.212594
0.174433  0.186775
0.114755  0.209016
0.126539  0.203437
0.174478  0.268162
0.160833  0.179255
0.237989  0.191487
0.237278  0.176148
0.201139  0.220024
0.165648  0.190070
0.134589  0.212947
0.135908  0.210556
0.087633  0.202695
0.095463  0.244551
0.107040  0.197976
0.087279  0.145179
0.056998  0.180827
0.073153  0.266956
0.087304  0.188494
0.132426  0.268325
0.139587  0.331634
0.140468  0.299686
0.209478  0.257925
0.172799  0.287885
0.181457  0.198497
0.154331  0.303969
0.149777  0.212353
0.170199  0.246965
0.151922  0.187650
0.113260  0.129583
0.117162  0.206075
0.132209  0.222617
0.093351  0.169539
0.141334  0.233126
0.114736  0.185340
0.109597  0.167233
0.171387  0.243322
0.165900  0.229866
0.121317  0.164007
0.126494  0.161783
0.079921  0.168101
0.122127  0.239119
0.123996  0.264835
0.121618  0.215245
0.084710  0.212688
0.117563  0.212455
0.111920  0.209071
0.166496  0.135885
0.108170  0.137010
0.116990  0.184391
0.075768  0.147987
0.088390  0.186686
0.112070  0.173597
0.137957  0.252795
0.131668  0.176438
0.173388  0.164085
0.123238  0.201064
0.102842  0.213742
0.119163  0.305602
0.112411  0.225054
0.168567  0.214817
0.242666  0.234691
0.214686  0.244792
0.191519  0.243233
0.127826  0.242851
0.163817  0.342333
0.196920  0.359527
0.178222  0.223441
0.118234  0.238549
0.163814  0.195614
0.165002  0.312991
0.159135  0.229294
0.158770  0.276366
0.102241  0.246248
0.073887  0.222202
0.089123  0.175090
0.125963  0.179419
0.145619  0.179252
0.154296  0.263608
0.128767  0.240509
0.142554  0.204573
0.210295  0.331761
0.213673  0.369492
0.169460  0.243620
0.193977  0.269810
0.137470  0.258804
0.180252  0.198315
0.274789  0.183326
0.235174  0.185456
0.365414  0.212595
0.224524  0.159933
0.170036  0.250843
0.220031  0.272416
0.137816  0.213485
0.210544  0.140540
0.139159  0.230074
0.144078  0.148960
0.231934  0.167608
0.286563  0.172404
0.237628  0.201964
0.345151  0.225219
0.227130  0.214728
0.243383  0.172219
0.276891  0.211784
0.282695  0.200402
0.390754  0.211183
0.258473  0.172979
0.186236  0.171494
0.209524  0.184142
0.135268  0.161784
0.161062  0.207338
0.133211  0.257106
0.180080  0.322519
0.240841  0.238811
0.201792  0.193881
0.146985  0.164041
0.122704  0.172007
0.174603  0.188387
0.203113  0.293844
0.178937  0.307505
0.272586  0.247615
0.179058  0.160748
0.120450  0.127959
0.104184  0.208445
0.152706  0.313420
0.125355  0.264140
0.176067  0.294245
0.153169  0.254724
0.162997  0.263464
0.151126  0.175446
0.134676  0.206451
0.162781  0.200328
0.110071  0.214133
0.161534  0.237263
0.203360  0.302615
0.193046  0.186027
0.257564  0.145844
0.187861  0.237828
0.127290  0.240079
0.139229  0.286718
0.085332  0.211342
0.089389  0.237765
0.117751  0.177107
0.115108  0.217128
0.142620  0.215606
0.106329  0.233575
0.112718  0.244340
0.144870  0.267878
0.152161  0.168748
0.146168  0.151015
0.159258  0.177436
0.194052  0.216710
0.165314  0.263200
0.130800  0.297925
0.187919  0.209706
0.139006  0.168393
0.147852  0.230191
0.143168  0.265528
0.091671  0.188148
0.125968  0.174823
