0.122587  0.134090
0.080892  0.087373
0.059112  0.062704
0.041253  0.054201
0.038231  0.061941
0.056935  0.077392
0.049108  0.113621
0.037320  0.114778
0.029507  0.129741
0.036300  0.179420
0.044121  0.171163
0.033586  0.160452
0.034667  0.180306
0.039520  0.135848
0.052224  0.143070
0.083736  0.111429
0.124711  0.120330
0.198912  0.176311
0.179963  0.265732
0.226149  0.261526
0.227629  0.257293
0.155864  0.227826
0.214444  0.173581
0.163493  0.171377
0.113351  0.227516
0.078283  0.253295
0.088039  0.206177
0.135558  0.281994
0.095959  0.178304
0.086035  0.153720
0.093183  0.162639
0.147064  0.167254
0.200822  0.243358
0.143479  0.151128
0.170209  0.117244
0.231459  0.081352
0.326848  0.103793
0.433393  0.121091
0.625939  0.168338
0.388290  0.235668
0.389644  0.315879
0.267195  0.241364
0.165495  0.177778
0.160582  0.186283
0.153321  0.237559
0.237459  0.206194
0.220763  0.214357
0.245465  0.194274
0.255148  0.207830
0.219236  0.149128
0.212083  0.234464
0.159604  0.265333
0.135706  0.374966
0.123780  0.280294
0.099294  0.349966
0.066577  0.337710
0.098731  0.219349
0.114689  0.184268
0.184630  0.175488
0.134595  0.241991
0.218015  0.240056
0.286867  0.277684
0.221181  0.176886
0.242795  0.153539
0.242846  0.144064
0.204682  0.166541
0.213105  0.174505
0.132170  0.279859
0.214017  0.240265
0.146045  0.282453
0.180597  0.177680
0.112234  0.253705
0.121996  0.162290
0.188589  0.153575
0.221721  0.216516
0.166170  0.342249
0.173894  0.243475
0.119328  0.203545
0.178894  0.261752
0.166893  0.184414
0.219652  0.220907
0.318472  0.173242
0.363143  0.234870
0.241274  0.183051
0.153184  0.218211
0.137142  0.171827
0.111012  0.266715
0.137003  0.309278
0.134332  0.203486
0.181034  0.141974
0.214188  0.217667
0.141154  0.194805
0.113320  0.161898
0.128571  0.190393
0.163405  0.142274
0.101542  0.162624
0.094695  0.171359
0.147158  0.266720
0.151856  0.263376
0.243539  0.264609
0.259301  0.260606
0.164241  0.284313
0.133267  0.262608
0.102289  0.301603
0.141382  0.267446
0.143001  0.168643
0.154319  0.164581
0.144733  0.155331
0.088991  0.230579
0.113835  0.178531
0.109393  0.253320
0.072692  0.178431
0.116987  0.264049
0.171989  0.276096
0.119383  0.210007
0.132964  0.132575
0.090130  0.195878
0.072457  0.163561
0.070727  0.145759
0.098272  0.217523
0.107462  0.216307
0.134589  0.152563
0.116856  0.234042
0.137617  0.172234
0.135878  0.142162
0.110360  0.173448
0.071427  0.280788
0.086879  0.230183
0.113741  0.191526
0.131664  0.165027
0.216973  0.195393
0.137000  0.177128
0.123255  0.270184
0.171457  0.195271
0.148194  0.196920
0.147207  0.172137
0.164358  0.183257
0.171950  0.219058
