0.000876  9079.753360
0.000739  7712.780982
0.000735  8954.727235
0.000634  7746.039613
0.000540  8917.441282
0.000444  7570.432360
0.000387  8643.307559
0.000280  8699.674835
0.000185  8168.625378
0.000155  6785.861534
0.000137  7716.382781
0.000118  7991.325149
0.000112  7625.959563
0.000119  6792.813468
0.000128  6337.589494
0.000080  7061.924014
0.000111  7193.911271
0.000109  7824.432929
0.000068  7668.514296
0.000081  7135.281622
0.000071  6337.829938
0.000086  5878.650665
0.000079  4682.375856
0.000071  4385.143758
0.000112  3649.325322
0.000086  3151.240696
0.000075  3017.115972
0.000065  2801.920591
0.000071  3295.660705
0.000080  3078.786191
0.000088  2899.195495
0.000088  2325.571443
0.000072  1869.565181
0.000066  1825.319255
0.000070  1428.426903
0.000098  1268.913828
0.000085  1227.499119
0.000095  1122.743421
0.000069  953.726356
0.000087  779.903287
0.000064  751.055544
0.000073  692.636811
0.000090  604.341009
0.000090  544.606359
0.000070  565.402720
0.000082  648.838181
0.000084  521.371561
0.000088  463.054957
0.000084  410.488187
0.000077  455.847492
0.000071  360.085759
0.000070  431.488636
0.000057  432.515754
0.000059  487.384346
0.000060  560.274827
0.000054  560.073654
0.000057  599.097381
0.000067  500.527262
0.000076  489.921371
0.000079  441.802416
0.000065  422.257527
0.000059  481.964228
0.000056  585.487991
0.000077  592.839014
0.000066  596.232369
0.000067  516.968741
0.000069  537.465217
0.000070  557.372351
0.000055  453.107000
0.000047  500.071249
0.000070  640.277876
0.000068  783.774401
0.000072  796.796471
0.000063  806.588040
0.000059  645.124562
0.000053  719.075199
0.000068  723.401500
0.000065  783.586157
0.000052  703.270048
0.000068  616.107737
0.000072  601.327669
0.000063  581.453466
0.000055  608.323271
0.000075  662.258187
0.000073  699.623755
0.000060  630.719231
0.000073  522.168628
0.000058  422.675799
0.000067  405.531125
0.000077  382.886035
0.000072  430.779766
0.000091  515.535391
0.000084  414.641039
0.000062  419.738466
0.000083  385.697333
0.000102  360.557851
0.000077  376.437471
0.000067  443.853438
0.000068  548.097440
0.000059  516.706063
0.000077  441.393274
0.000086  449.174798
0.000080  519.172606
0.000068  508.890773
0.000055  501.354699
0.000083  568.715224
0.000075  535.585138
0.000099  647.590874
0.000073  580.254278
0.000085  494.231295
0.000079  476.774877
0.000078  499.067880
0.000073  502.096529
0.000059  395.077452
0.000084  377.610220
0.000084  380.079207
0.000077  428.610121
0.000072  354.935864
0.000088  300.944949
0.000070  380.167753
0.000073  372.183067
0.000093  432.572038
0.000068  473.365960
0.000101  479.515249
0.000083  437.720970
0.000090  370.110928
0.000073  419.362108
0.000079  326.649594
0.000096  331.126746
0.000097  334.313417
0.000086  353.343257
0.000076  418.307276
0.000067  457.322106
0.000083  401.423101
0.000072  381.943357
0.000070  446.349267
0.000092  487.793163
0.000078  604.289376
