0.001316  8218.933987
0.000928  9157.958989
0.000699  9806.895132
0.000484  10909.930777
0.000402  10378.824294
0.000247  8591.213500
0.000176  10367.317161
0.000140  12707.301317
0.000133  10063.022096
0.000134  8260.750238
0.000106  9459.421000
0.000080  9075.836963
0.000105  7243.360198
0.000120  6876.548101
0.000120  6460.016032
0.000098  5057.349300
0.000096  5709.710466
0.000078  4451.685346
0.000075  4608.479729
0.000100  3746.098244
0.000108  3419.200148
0.000082  3129.205742
0.000128  2520.725630
0.000117  2341.461813
0.000108  2555.614778
0.000087  2882.927275
0.000101  2942.439333
0.000099  2555.091905
0.000079  2416.389819
0.000073  2903.195910
0.000090  2862.470289
0.000091  3038.588446
0.000072  2397.025479
0.000089  2212.190707
0.000082  1848.286934
0.000076  1445.283113
0.000058  1187.888809
0.000066  1306.826023
0.000089  1047.326224
0.000072  876.337454
0.000082  893.792387
0.000055  891.317243
0.000057  1088.368451
0.000068  1062.859547
0.000082  1201.610416
0.000099  942.752895
0.000063  1069.825104
0.000074  983.887140
0.000079  1063.074974
0.000072  933.692197
0.000054  808.584290
0.000048  809.811472
0.000055  1028.990697
0.000069  1014.494011
0.000072  857.423766
0.000080  707.534080
0.000068  579.834070
0.000064  585.580693
0.000060  712.317949
0.000062  563.503328
0.000079  487.653295
0.000071  509.491405
0.000074  573.865559
0.000080  609.423293
0.000072  519.291202
0.000078  525.535268
0.000067  481.608862
0.000078  506.416888
0.000077  405.986562
0.000073  515.529082
0.000063  553.605987
0.000067  490.865747
0.000074  415.941890
0.000074  390.879951
0.000051  380.748626
0.000055  407.461809
0.000060  423.279684
0.000068  436.932136
0.000058  391.816485
0.000050  321.050590
0.000060  310.806810
0.000052  332.796846
0.000057  389.370722
0.000051  311.379794
0.000066  386.326933
0.000061  486.010984
0.000063  457.021568
0.000073  511.718685
0.000070  456.748444
0.000053  574.703420
0.000071  459.672551
0.000068  579.327339
0.000056  714.687773
0.000056  696.206360
0.000051  709.055758
0.000049  833.024724
0.000054  736.788337
0.000055  692.471742
0.000062  670.846911
0.000051  686.738332
0.000068  743.602779
0.000055  786.875089
0.000042  867.419329
0.000069  813.988477
0.000053  656.605429
0.000056  770.160694
0.000067  675.765486
0.000069  812.358406
0.000068  856.800292
0.000071  708.519342
0.000056  646.334611
0.000061  734.024954
0.000051  852.278194
0.000067  1088.959923
0.000050  942.222881
0.000053  1177.836464
0.000063  963.982517
0.000060  1039.276821
0.000079  863.868643
0.000060  745.056889
0.000062  632.485934
0.000058  634.104656
0.000059  574.061088
0.000084  586.394396
0.000081  486.551514
0.000072  469.213922
0.000068  479.201481
0.000067  518.053561
0.000071  416.341599
0.000062  381.118572
0.000069  478.832521
0.000085  493.817960
0.000085  473.150005
0.000061  447.147877
0.000079  411.405299
0.000078  523.698721
0.000067  577.874824
0.000071  582.934839
0.000066  499.312240
0.000061  495.848625
0.000063  610.287074
0.000064  703.357917
0.000061  837.322716
0.000057  772.797692
0.000068  702.891890
0.000050  650.507248
0.000055  712.168198
0.000060  728.235873
0.000079  642.781471
0.000066  531.204871
0.000078  509.113458
0.000071  403.402457
0.000072  326.743888
0.000087  362.603571
0.000069  338.913786
0.000074  361.424281
0.000068  295.562035
0.000068  295.617060
0.000077  331.634388
0.000076  412.320749
0.000062  377.946387
0.000066  351.083316
0.000067  317.632859
0.000101  371.778236
0.000081  309.561802
0.000066  361.264059
0.000074  331.566835
0.000080  327.411076
0.000065  393.541942
0.000056  340.930246
0.000073  350.406341
0.000068  372.190843
0.000070  468.449754
0.000062  485.332483
0.000061  566.172869
0.000070  443.438232
0.000061  467.407677
0.000063  509.612916
0.000048  627.548296
0.000064  512.982724
0.000068  545.282982
0.000068  583.481934
0.000063  644.018069
0.000058  527.919724
0.000049  540.171556
0.000055  548.773355
0.000058  539.990527
0.000065  590.375983
0.000054  615.986993
0.000059  665.869213
0.000048  600.517177
0.000051  755.882420
0.000063  705.084148
0.000060  580.021234
0.000071  560.811030
0.000074  537.329591
0.000064  651.871200
0.000059  706.328974
0.000061  589.925071
0.000062  519.760175
0.000072  545.748437
0.000045  581.434035
0.000056  741.917312
0.000065  655.716124
0.000064  541.094742
0.000069  466.708937
0.000064  495.502403
0.000055  593.862507
0.000073  619.672137
0.000068  776.914611
0.000071  636.881085
0.000060  668.056839
0.000076  691.127941
0.000068  879.425853
0.000057  908.245126
0.000089  855.843658
0.000081  793.307055
0.000076  685.165463
0.000060  787.333821
0.000062  699.422515
0.000081  759.358074
0.000063  716.107019
0.000074  618.398223
0.000064  766.259889
0.000077  723.776887
0.000064  565.140042
0.000060  464.470435
0.000070  575.218218
0.000063  534.495938
0.000068  521.470024
0.000068  486.093748
0.000055  418.568736
0.000070  505.581982
0.000066  456.396923
0.000061  492.426914
0.000071  419.662212
0.000080  362.208230
0.000070  373.417465
0.000065  316.670537
0.000068  314.405565
0.000095  345.409899
0.000103  362.538681
0.000067  422.012694
0.000066  522.127327
0.000078  542.972778
0.000075  433.804825
0.000064  533.117145
0.000045  526.179485
0.000074  616.937163
0.000052  585.120364
0.000055  634.342447
0.000067  600.576747
0.000059  473.197335
0.000071  472.150208
0.000055  446.362244
0.000066  538.677397
0.000077  479.195476
0.000060  407.382091
0.000085  453.581602
0.000080  403.647307
0.000058  390.300203
0.000073  402.827678
0.000061  457.881506
0.000075  416.258778
0.000084  384.920960
0.000060  377.076990
0.000074  401.555821
0.000059  385.013913
0.000070  428.921189
0.000056  487.586076
0.000057  389.695433
0.000076  379.273994
0.000078  306.572028
0.000071  339.217168
0.000079  330.096541
0.000072  349.680645
0.000063  345.152854
0.000059  317.747988
0.000070  398.386954
0.000071  328.447304
0.000068  347.423401
0.000086  388.073486
0.000070  458.873867
0.000066  371.071286
0.000060  424.666311
0.000054  336.053484
0.000062  431.387695
0.000089  372.293686
0.000083  311.840572
0.000053  385.598731
0.000072  487.296764
0.000052  408.849433
0.000060  436.310400
0.000059  400.102499
0.000065  418.545858
0.000067  438.487075
0.000066  405.225149
0.000069  413.278589
0.000072  365.713810
0.000050  455.825673
0.000065  421.370894
0.000072  434.888082
0.000061  437.208482
0.000061  416.986165
0.000055  493.069958
0.000067  420.445082
0.000072  465.016577
0.000060  452.112709
0.000078  446.251427
0.000049  427.447511
0.000058  376.399994
0.000077  454.655767
0.000057  387.162437
0.000075  373.062939
0.000083  465.749618
0.000083  410.253339
0.000061  398.770322
0.000059  424.270033
0.000050  478.042973
0.000066  567.314591
0.000071  649.943992
0.000051  516.000397
0.000056  498.343291
0.000072  447.140995
0.000065  555.210786
