0.000946  7952.926270
0.000673  8672.102499
0.000623  10684.195384
0.000419  12774.548596
0.000391  12435.839861
0.000352  15946.679636
0.000233  13564.636870
0.000168  11305.479741
0.000186  11010.845513
0.000137  13208.527767
0.000093  10849.602160
0.000121  9349.572159
0.000119  7552.310953
0.000083  6994.055953
0.000110  5928.769055
0.000106  5059.377353
0.000083  3991.658098
0.000056  3184.903433
0.000065  3446.568637
0.000088  3177.514189
0.000115  3530.259530
0.000074  3220.626326
0.000076  3333.988478
0.000064  2989.285416
0.000094  2486.187672
0.000078  2574.534109
0.000075  3202.454154
0.000067  3368.949839
0.000088  3446.334240
0.000084  3063.342805
0.000081  2652.481167
0.000092  2181.005285
0.000100  2313.525966
0.000080  1911.491323
0.000060  1615.589342
0.000051  1502.326880
0.000067  1263.840876
0.000062  1007.152335
0.000077  1008.584631
0.000074  885.127761
0.000066  854.274760
0.000064  672.640724
0.000103  604.116896
0.000106  475.546326
0.000075  415.743702
0.000105  417.154117
0.000073  436.593640
0.000083  535.174205
0.000081  605.879101
0.000077  523.848028
0.000065  500.840961
0.000068  480.469893
0.000076  417.722336
0.000087  456.634196
0.000068  515.843003
0.000050  535.010098
0.000072  423.698691
0.000083  481.620596
0.000078  510.659461
0.000075  615.515028
0.000075  597.938909
0.000058  490.101616
0.000067  608.431463
0.000067  761.011225
0.000069  638.084910
0.000087  586.997445
0.000069  500.424306
0.000061  542.784155
0.000066  620.214273
0.000058  654.634034
0.000074  577.839338
0.000064  533.572637
0.000088  649.976063
0.000073  611.973902
0.000079  659.468959
0.000078  523.047958
0.000074  540.084870
0.000079  612.656679
0.000061  648.887178
0.000078  573.334976
0.000074  499.961682
0.000087  572.020838
0.000064  688.194381
0.000064  627.831699
0.000063  523.828191
0.000085  605.685124
0.000066  741.893182
0.000062  756.738241
0.000060  964.163404
0.000067  1027.451575
0.000073  889.091086
0.000061  745.394634
0.000076  636.945947
0.000067  671.846936
0.000087  742.913210
0.000080  663.271692
0.000065  644.795149
0.000061  706.453454
0.000071  666.875612
0.000092  566.827003
0.000076  451.266773
0.000067  568.331631
0.000068  574.625927
0.000066  497.386704
0.000070  499.554293
0.000064  431.462896
0.000069  501.493829
0.000070  578.306247
0.000074  470.514420
0.000062  442.651370
0.000053  470.121801
0.000065  582.248461
0.000060  699.538099
0.000068  617.311785
0.000081  597.310397
0.000053  518.766949
0.000069  593.497030
0.000055  530.355554
0.000047  423.452721
0.000048  477.604817
0.000067  545.094928
0.000067  653.296077
0.000068  813.135774
0.000077  791.495973
0.000056  772.945290
0.000067  807.387575
0.000059  746.852613
0.000067  811.578827
0.000058  695.996810
0.000063  755.786399
0.000059  718.541823
0.000059  731.281386
0.000074  612.775400
0.000053  676.513351
0.000063  760.092670
0.000056  627.790193
0.000047  733.108444
0.000061  727.014612
0.000061  650.738735
0.000056  575.329871
0.000059  625.127785
0.000053  685.218451
0.000057  746.678613
0.000067  706.368196
0.000055  807.063181
0.000068  1028.153959
0.000072  850.046008
0.000075  951.404920
0.000060  1021.443801
0.000062  972.664815
0.000048  1114.709062
0.000058  1279.906768
0.000074  1128.232771
0.000065  1189.483449
0.000075  1036.807365
0.000056  839.917373
0.000066  851.911290
0.000079  734.931226
0.000062  689.161735
0.000087  646.668421
0.000066  537.412878
0.000064  482.899703
0.000069  610.525137
0.000049  553.838849
0.000075  521.921950
0.000077  608.761912
0.000077  708.247743
0.000074  572.300024
0.000067  664.538215
0.000075  591.156753
0.000059  695.842351
0.000062  848.824975
0.000060  666.851158
0.000063  544.537685
0.000074  615.055472
0.000068  763.107488
0.000078  947.255855
0.000063  744.221481
