0.000973  9412.074253
0.000925  10096.000464
0.000663  12435.335939
0.000661  10763.785027
0.000581  9755.378202
0.000420  10410.713433
0.000290  10114.412105
0.000313  10819.734937
0.000312  10224.298341
0.000247  10898.733710
0.000260  11641.859557
0.000275  9915.155213
0.000179  9655.513194
0.000188  7591.655765
0.000254  9300.247787
0.000181  7689.308553
0.000246  6838.929782
0.000190  7764.439636
0.000135  8284.718699
0.000120  6478.563488
0.000161  5474.539829
0.000131  6610.898535
0.000124  6936.803029
0.000162  7348.759575
0.000168  6216.366641
0.000183  6361.291352
0.000150  5247.537340
0.000176  4691.052785
0.000181  4986.465119
0.000147  4118.946495
0.000230  4016.254284
0.000164  4636.725329
0.000160  4138.037570
0.000181  3927.875959
0.000129  4921.730152
0.000144  4420.622686
0.000169  4004.052514
0.000116  3229.830666
0.000115  3922.121390
0.000142  3874.173473
0.000149  3073.571709
0.000150  2655.807120
0.000146  2240.952328
0.000160  2074.827979
0.000158  2297.523440
0.000120  2067.953168
0.000112  2202.904591
0.000111  2713.914511
0.000101  2205.550403
0.000113  2038.847194
0.000108  1627.532097
0.000118  1833.254246
0.000107  1770.749233
0.000142  1413.655185
0.000159  1120.836656
0.000152  1038.334124
0.000151  1011.458766
0.000175  1116.182450
0.000116  997.725520
0.000159  1109.619252
0.000130  1321.033259
0.000136  1189.664152
0.000126  1325.610586
0.000122  1033.278309
0.000086  1136.790370
0.000101  976.685333
0.000110  1193.914414
0.000122  955.340654
0.000145  1051.134324
0.000126  870.555009
0.000127  921.750182
0.000135  1156.353833
0.000126  914.895600
0.000109  898.595611
0.000087  753.555309
0.000116  854.942163
0.000136  1082.686685
0.000153  981.098413
0.000142  1012.855548
0.000167  1003.214832
0.000157  1003.350622
0.000139  935.438297
0.000186  938.483286
0.000154  928.090218
0.000161  809.884686
0.000117  882.155328
0.000152  1131.640074
0.000142  931.062235
0.000184  789.735209
0.000147  995.203877
0.000140  1156.030562
0.000129  980.879128
0.000140  898.837796
0.000139  1061.699018
0.000129  891.060587
0.000163  769.905547
0.000137  891.837201
0.000191  795.259165
0.000192  927.224784
0.000155  894.895245
0.000160  872.386268
0.000161  1036.771341
0.000128  908.029171
0.000122  786.260238
0.000129  757.994041
0.000096  843.450631
0.000145  894.200553
0.000128  948.320666
0.000149  868.365979
0.000126  855.405023
0.000111  855.243942
0.000136  940.925914
0.000141  914.012265
