0.081936  0.078638
0.068040  0.104323
0.052373  0.137849
0.077268  0.111729
0.073669  0.071592
0.086157  0.069731
0.106329  0.114546
0.122085  0.132892
0.169036  0.178886
0.203897  0.185171
0.202369  0.231468
0.214832  0.195293
0.319104  0.237800
0.302150  0.298017
0.288225  0.213752
0.267691  0.250390
0.292621  0.298616
0.459560  0.398195
0.689941  0.375819
0.945629  0.420470
0.875789  0.428153
0.620815  0.372920
0.820113  0.428194
0.654033  0.339605
0.660771  0.254560
0.656005  0.170537
0.975664  0.177352
1.047275  0.138184
0.795026  0.132883
0.776787  0.198471
0.596404  0.170849
0.870096  0.251476
0.805990  0.274121
0.836201  0.264928
0.905997  0.322534
0.751573  0.305316
0.633190  0.203634
0.895446  0.248508
0.885834  0.345951
0.934608  0.220427
0.687344  0.317828
0.715647  0.237666
0.551286  0.290754
0.368807  0.368977
0.431875  0.302514
0.477606  0.438722
0.630910  0.594740
0.887548  0.469811
0.964284  0.396317
0.860939  0.598582
1.083506  0.500508
1.142565  0.460234
0.706358  0.432069
0.491968  0.549677
0.436251  0.376320
0.473049  0.428753
0.503007  0.322163
0.456106  0.316283
0.589936  0.353466
0.543750  0.283727
0.512045  0.324543
0.357055  0.396117
0.435260  0.437844
0.546924  0.332714
0.612319  0.535604
0.397884  0.537988
0.642868  0.480386
0.582596  0.492388
0.421071  0.505284
0.640230  0.451526
0.582093  0.359368
0.389432  0.426644
0.580142  0.319829
0.802268  0.231429
0.702259  0.276226
0.973816  0.250252
0.732531  0.176411
0.539115  0.263760
0.382694  0.262745
0.473365  0.315478
0.398751  0.352358
0.296960  0.364608
0.371702  0.387385
0.332056  0.367198
0.491360  0.229501
0.487887  0.310648
0.400438  0.296518
0.359586  0.275531
0.523469  0.170772
0.510288  0.207239
0.730100  0.306088
0.480806  0.353338
0.396069  0.409096
0.558929  0.352941
0.519412  0.330417
0.429925  0.201377
0.467672  0.158987
0.292329  0.235046
0.461083  0.204688
0.395290  0.246420
0.373958  0.303049
0.370175  0.329864
0.560052  0.283669
0.468008  0.355792
0.421576  0.446071
0.558939  0.306209
0.539551  0.400194
0.400946  0.421778
0.404593  0.357402
0.499145  0.407401
0.339754  0.384626
0.482408  0.235107
0.390001  0.229369
