0.000814  8385.206943
0.000539  10625.330687
0.000451  10433.975600
0.000387  9683.879058
0.000311  9568.433851
0.000197  7830.414921
0.000165  6296.640471
0.000106  4905.034902
0.000096  4070.120833
0.000113  3395.584887
0.000079  3211.291077
0.000070  3530.007419
0.000098  2876.237468
0.000079  2440.517987
0.000067  3064.876797
0.000076  2387.151204
0.000096  2399.457804
0.000089  2549.552683
0.000103  2984.677933
0.000065  3217.240323
0.000090  3076.580685
0.000085  2908.104697
0.000103  2352.383084
0.000083  2103.362668
0.000069  2415.248740
0.000068  2120.337344
0.000048  1980.918686
0.000068  2246.142471
0.000072  2297.292704
0.000067  2047.748218
0.000054  2109.925924
0.000057  1755.574869
0.000055  1562.034395
0.000054  1689.432741
0.000060  1340.015779
0.000058  1367.105318
0.000062  1141.324495
0.000064  1225.348146
0.000061  1031.775647
0.000053  926.660158
0.000056  831.838021
0.000059  700.902509
0.000086  691.866985
0.000069  598.479087
0.000045  754.996059
0.000070  630.068353
0.000075  627.276649
0.000060  556.246099
0.000071  462.137993
0.000076  557.098386
0.000072  613.184033
0.000054  540.903732
0.000065  659.495440
0.000060  650.661333
0.000063  720.470788
0.000063  656.505076
0.000048  773.271706
0.000067  774.919767
0.000056  963.115908
0.000057  819.217463
0.000045  890.935961
0.000066  720.262325
0.000064  572.000619
0.000053  631.574783
0.000055  630.194111
0.000050  724.450919
0.000063  696.179678
0.000073  556.039547
0.000070  558.277786
0.000054  563.335605
0.000066  650.494476
0.000065  792.360255
0.000046  767.697528
0.000054  857.903721
0.000050  675.517004
0.000059  851.818859
0.000068  671.404012
0.000053  813.856058
0.000073  980.213943
0.000057  920.832399
0.000061  1002.648244
0.000063  1227.800972
0.000074  1117.242317
0.000051  1336.080591
0.000046  1157.814593
0.000057  1047.265111
0.000057  1086.979911
0.000056  973.144895
0.000058  1213.689069
0.000048  1167.825334
0.000052  1056.097008
0.000055  1207.813554
0.000051  970.950328
0.000050  979.839071
0.000058  818.104974
0.000058  1037.492095
0.000046  828.400229
0.000057  712.776410
0.000049  633.256920
0.000059  678.643035
0.000047  780.691744
0.000056  979.896428
0.000052  1217.649001
0.000058  1315.137025
0.000073  1298.621831
