0.064201  0.129744
0.061658  0.109523
0.042926  0.078949
0.054983  0.048503
0.058878  0.043408
0.069810  0.036191
0.098934  0.052416
0.065829  0.055731
0.081863  0.038474
0.085659  0.063351
0.139682  0.048242
0.084890  0.074209
0.063983  0.070079
0.095484  0.106712
0.110434  0.145240
0.124534  0.099918
0.187895  0.130146
0.242999  0.109781
0.332487  0.073040
0.219106  0.114166
0.250354  0.084036
0.375901  0.053379
0.239651  0.063196
0.281818  0.072301
0.359224  0.106066
0.401668  0.115650
0.470179  0.181259
0.646726  0.217529
1.025598  0.159693
1.315810  0.098557
1.088599  0.130098
0.823846  0.191231
0.980564  0.203658
0.912437  0.173737
0.994159  0.124563
1.068122  0.144799
0.895836  0.099408
0.664478  0.154499
0.615931  0.177778
0.476718  0.115281
0.548408  0.162968
0.350619  0.153469
0.506454  0.127335
0.683464  0.134084
1.080366  0.195384
0.960816  0.173352
0.695468  0.170013
0.615360  0.138823
0.582926  0.114969
0.553630  0.087610
0.763211  0.068242
0.876852  0.106864
0.662104  0.067439
0.608952  0.082557
0.397794  0.111995
0.459761  0.152030
0.420749  0.209137
0.324751  0.126971
0.379140  0.083652
0.243314  0.129287
0.218513  0.123085
0.301215  0.100569
0.366557  0.164636
0.479260  0.225331
0.343346  0.231679
0.322029  0.145115
0.497417  0.161090
0.357647  0.109460
0.354304  0.087357
0.514632  0.133918
0.659798  0.116831
0.575402  0.115361
0.575410  0.117671
0.409717  0.160528
0.346699  0.136870
0.376908  0.098121
0.296139  0.111677
0.254112  0.164899
0.341961  0.111995
0.337266  0.140791
0.363769  0.144370
0.286943  0.123650
0.402203  0.079836
0.451895  0.105858
0.634403  0.159913
0.404938  0.162235
0.406493  0.146190
0.611893  0.097156
0.695757  0.134278
0.995091  0.197687
0.683090  0.173032
0.455747  0.146372
0.494543  0.188464
0.724755  0.134871
0.465507  0.178635
0.417861  0.145038
0.662242  0.223632
0.637458  0.159940
0.475800  0.143972
0.500925  0.170117
0.518563  0.150606
0.336741  0.212459
0.399943  0.165153
0.349134  0.135504
0.373232  0.140528
