0.000871  12544.097408
0.000656  11796.067995
0.000493  14993.096386
0.000368  12898.216688
0.000307  11662.156113
0.000242  10480.415434
0.000212  9839.004462
0.000201  7783.596214
0.000192  6461.514795
0.000163  6667.522215
0.000155  7839.925443
0.000142  6121.439491
0.000116  6648.102074
0.000075  6109.357968
0.000098  4860.517022
0.000092  4811.516043
0.000066  5295.907546
0.000076  5331.078741
0.000064  4205.695593
0.000063  5076.113393
0.000075  5041.714060
0.000062  6124.793052
0.000063  6507.025447
0.000074  6661.375334
0.000056  7746.032003
0.000063  6284.154518
0.000065  4904.696923
0.000058  4797.339013
0.000063  3967.585184
0.000064  3239.135545
0.000066  3362.371437
0.000057  2973.135383
0.000070  2370.474075
0.000065  2469.108008
0.000063  2547.271355
0.000055  2030.345963
0.000052  1654.086904
0.000070  1766.528038
0.000059  1525.246771
0.000068  1235.404564
0.000054  1070.467295
0.000058  1151.029482
0.000059  1027.027519
0.000061  1186.268351
0.000063  1246.251682
0.000059  1394.595020
0.000051  1265.533038
0.000065  1456.621003
0.000053  1364.560930
0.000070  1100.863527
0.000069  1038.924747
0.000070  1286.949641
0.000064  1184.539125
0.000060  1030.277621
0.000056  1250.199115
0.000053  1130.291712
0.000062  1344.660086
0.000069  1156.215471
0.000065  1285.729258
0.000055  1297.489033
0.000077  1380.045365
0.000065  1120.746581
0.000059  886.665971
0.000052  1016.937648
0.000062  1103.698407
0.000057  977.684156
0.000051  979.671175
0.000053  1047.451323
0.000061  1078.309959
0.000062  1188.794986
0.000065  1335.904033
0.000051  1393.714117
0.000055  1319.806677
0.000072  1034.032416
0.000048  1043.407420
0.000052  1202.760145
0.000054  1429.069579
0.000058  1495.706324
0.000056  1555.199390
0.000057  1230.645981
0.000064  995.126906
0.000053  788.307006
0.000058  990.428855
0.000058  975.878028
0.000052  1195.791008
0.000075  1242.813128
0.000054  1484.904201
0.000050  1334.576808
0.000059  1518.709814
0.000060  1230.632657
0.000068  1295.043138
0.000061  1144.733577
0.000051  1227.599438
0.000057  1109.429787
0.000054  1324.421620
0.000056  1245.791071
0.000051  1498.437254
0.000057  1318.876473
0.000059  1123.333397
0.000057  1175.252193
0.000048  1243.172929
0.000060  1391.580400
0.000052  1667.679072
0.000052  1490.567317
0.000060  1217.472168
0.000051  1485.646812
0.000049  1470.954932
0.000046  1664.232180
0.000055  1364.166249
