0.100893  0.065364
0.065824  0.068010
0.066408  0.071360
0.088095  0.065917
0.131562  0.055112
0.097702  0.063612
0.062747  0.056892
0.042017  0.091838
0.062166  0.083166
0.072241  0.114080
0.068222  0.110577
0.047117  0.097894
0.065098  0.084603
0.089656  0.092673
0.122611  0.124902
0.090234  0.200191
0.123431  0.187666
0.078713  0.159880
0.098389  0.213861
0.112708  0.169017
0.170327  0.110797
0.226188  0.130856
0.325063  0.146823
0.286479  0.125681
0.184700  0.111268
0.135788  0.174987
0.135457  0.130350
0.118171  0.151603
0.191098  0.129423
0.292182  0.115613
0.200308  0.104475
0.248996  0.109387
0.404423  0.173197
0.411858  0.271101
0.341856  0.190678
0.534681  0.191776
0.848642  0.176468
0.726217  0.181546
0.456314  0.162848
0.506690  0.147437
0.538355  0.171640
0.693907  0.113373
0.830844  0.142800
0.542172  0.091222
0.432358  0.083958
0.655603  0.069222
0.528433  0.112936
0.571975  0.080451
0.391709  0.084454
0.326106  0.082358
0.353079  0.114631
0.430349  0.134308
0.315229  0.187386
0.375446  0.173862
0.539387  0.117149
0.736559  0.123185
0.564978  0.170643
0.432548  0.204221
0.437331  0.208278
0.486385  0.146562
0.402330  0.120043
0.430630  0.188662
0.657774  0.222876
0.552023  0.160467
0.426594  0.202152
0.684961  0.150388
0.661976  0.167081
0.526504  0.259529
0.396901  0.214342
0.292307  0.218861
0.461128  0.171999
0.524525  0.155495
0.340783  0.162983
0.232926  0.149443
0.294635  0.101872
0.376665  0.130658
0.267720  0.117317
0.385507  0.128127
0.599790  0.151207
0.643485  0.106038
0.641960  0.160289
0.531681  0.190606
0.359643  0.173378
0.469961  0.152499
0.319697  0.214061
0.429446  0.185960
0.379028  0.134270
0.390800  0.150949
0.365088  0.146413
0.511851  0.191243
0.621729  0.122628
