0.000686  7851.452952
0.000443  7860.440577
0.000297  6496.784157
0.000232  6672.249732
0.000218  6884.281182
0.000213  8316.115417
0.000165  8054.341229
0.000104  6817.375734
0.000074  6219.065519
0.000055  6330.552246
0.000081  6772.541774
0.000068  8603.255304
0.000074  8520.082768
0.000072  7417.073746
0.000092  8733.264550
0.000059  10726.361518
0.000073  10259.131828
0.000084  12326.666911
0.000067  9654.847882
0.000069  7910.046583
0.000081  6941.406885
0.000084  7277.965817
0.000088  8823.063051
0.000077  11124.244485
0.000081  9255.511945
0.000076  9055.536353
0.000063  8758.986202
0.000049  7387.871713
0.000059  7242.005986
0.000091  6034.213745
0.000079  4731.229171
0.000059  5718.229684
0.000067  5480.521575
0.000060  4359.753013
0.000067  4472.019318
0.000072  3509.593047
0.000074  4080.718885
0.000062  3472.697525
0.000068  3549.207495
0.000076  3260.297976
0.000058  3330.180641
0.000057  3324.317588
0.000092  3291.336616
0.000083  3798.788440
0.000079  4201.642322
0.000062  4716.985338
0.000067  4711.797419
0.000059  4767.899668
0.000047  4428.790715
0.000055  5332.663233
0.000055  6259.701191
0.000067  5494.328581
0.000063  5517.378583
0.000071  4824.535019
0.000059  4315.166750
0.000067  3660.895618
0.000072  3131.530439
0.000083  2484.849268
0.000062  2289.145428
0.000083  2615.313512
0.000065  2488.918619
0.000070  1955.000998
0.000082  1820.493846
0.000083  1438.899890
0.000065  1139.592413
0.000085  1459.460110
0.000072  1736.436610
0.000049  1699.358910
0.000079  1979.993636
0.000056  1774.020820
0.000072  2199.539014
0.000065  2549.487080
0.000066  2457.350582
0.000067  3057.734440
0.000061  2394.601528
0.000061  1908.169321
0.000070  1953.623659
0.000065  1580.156117
0.000047  1563.380557
0.000074  1419.293769
0.000065  1597.479670
0.000071  1855.535254
0.000057  1685.560931
0.000058  2137.599710
0.000048  2418.147687
0.000057  2861.153082
0.000054  2406.748800
0.000056  2190.626822
0.000050  2406.893494
0.000054  1895.401430
0.000059  2027.048243
0.000057  2002.184147
0.000064  1973.123742
0.000062  2444.269432
0.000063  2085.682224
0.000058  1762.627700
0.000078  2004.660150
0.000068  1592.537087
0.000052  1670.394568
0.000057  1823.257711
0.000051  2179.721445
0.000064  2198.502307
0.000061  1910.458656
0.000058  2227.307078
0.000067  2734.166573
