0.001416  10314.722716
0.001090  11351.040151
0.001001  11042.827910
0.001031  8688.729138
0.000695  8170.707402
0.000469  9422.978382
0.000310  8179.457191
0.000278  6387.552845
0.000181  7009.281082
0.000151  6796.959937
0.000137  6736.313322
0.000116  7528.452655
0.000120  7214.396142
0.000100  5849.979221
0.000098  4678.035028
0.000079  4175.819880
0.000073  4210.899606
0.000080  3776.840421
0.000075  3774.616892
0.000072  3282.451354
0.000074  2937.061033
0.000089  3624.822529
0.000076  3317.321234
0.000056  2602.254867
0.000059  3268.034102
0.000052  3738.309656
0.000072  3712.996923
0.000070  3848.707512
0.000074  3278.856537
0.000075  2878.393035
0.000056  2625.626703
0.000071  3162.590934
0.000075  3086.785700
0.000048  2891.623028
0.000068  3423.425925
0.000066  2668.410926
0.000056  3356.802769
0.000066  3110.104058
0.000076  2599.086060
0.000066  2823.046276
0.000054  3619.297802
0.000059  4492.988325
0.000057  4880.413427
0.000073  3921.225421
0.000070  3593.649195
0.000069  4607.091383
0.000089  5819.292658
0.000069  4785.836987
0.000055  5724.154889
0.000081  4734.472819
0.000076  5957.488870
0.000066  7008.495732
0.000056  6141.538924
0.000060  6211.416665
0.000056  5816.393175
0.000068  5446.566236
0.000059  4929.213709
0.000067  4154.277701
0.000064  4984.296419
0.000067  4249.493324
0.000063  4007.637571
0.000050  3361.143762
0.000060  4181.701907
0.000075  5085.119455
0.000070  5007.135277
0.000073  4748.992873
0.000070  3934.495187
0.000073  3616.448460
0.000062  2967.907753
0.000052  2640.397698
0.000058  2706.591661
0.000053  2139.966203
0.000063  2485.685459
0.000065  2106.068261
0.000074  1852.956245
0.000056  1601.172867
0.000048  1733.252910
0.000076  1999.186973
0.000066  2240.987739
0.000069  1973.709586
0.000065  1609.390724
0.000063  1482.615015
0.000080  1882.161495
0.000071  2197.397206
0.000053  2007.426169
0.000068  2339.187635
0.000056  2174.347038
0.000058  1968.251969
0.000062  1703.738324
0.000078  2070.555228
0.000064  1824.377775
0.000049  2141.786672
0.000068  1765.199672
0.000062  2115.105009
0.000076  2059.593100
0.000071  2190.780948
0.000062  2811.037613
0.000068  2813.690541
0.000054  3012.066300
0.000053  2879.252659
0.000056  3313.372400
0.000054  2828.161313
0.000053  2897.178589
0.000056  2678.767183
0.000066  2205.695270
0.000056  2344.014875
0.000061  2593.524002
0.000070  2683.243963
0.000062  3286.199460
0.000065  2884.255287
0.000062  2324.359125
