0.000939  9663.962478
0.000759  10062.967298
0.000499  10837.500959
0.000371  13625.752588
0.000252  16823.378029
0.000232  16653.944241
0.000149  16165.300762
0.000097  16722.583107
0.000088  18204.175065
0.000113  14507.489661
0.000117  17312.860934
0.000143  15949.101031
0.000125  17863.080555
0.000140  17210.758820
0.000123  19025.070930
0.000114  24424.963624
0.000121  22388.527200
0.000095  18736.672689
0.000083  23629.472913
0.000065  21905.304009
0.000066  24816.470136
0.000100  23527.485911
0.000110  27332.224482
0.000130  28264.981094
0.000144  30382.296977
0.000125  26713.020271
0.000100  22491.401089
0.000076  22654.431530
0.000108  18112.710865
0.000104  14511.871226
0.000072  14122.370648
0.000055  11389.030942
0.000059  14131.374879
0.000063  17153.321532
0.000068  16480.195372
0.000053  16616.954559
0.000073  19720.255079
0.000077  16455.028616
0.000073  16507.574913
0.000060  15850.253303
0.000086  17325.982627
0.000074  16185.725920
0.000057  17660.808142
0.000070  21213.188177
0.000082  18404.760826
0.000075  16164.508674
0.000068  13898.946311
0.000080  16477.314988
0.000092  15733.063758
0.000060  16373.810818
0.000065  13039.271648
0.000061  12060.790112
0.000080  13043.240083
0.000074  10395.613856
0.000073  8865.591883
0.000086  7354.876981
0.000067  5750.245339
0.000088  6961.103325
0.000089  5927.296722
0.000073  4889.808007
0.000068  4187.953297
0.000076  3265.677865
0.000097  2778.641061
0.000066  2286.268979
0.000051  1978.490321
0.000059  1912.186645
0.000051  1606.381314
0.000068  1429.627823
0.000072  1183.961464
0.000084  956.529740
0.000075  1071.592497
0.000090  1272.593575
0.000096  1244.734968
0.000080  994.058663
0.000071  959.318396
0.000079  889.429111
0.000072  733.957911
0.000074  703.612102
0.000080  688.281061
0.000064  800.098995
0.000073  945.405761
0.000055  1119.630881
0.000061  1180.075387
0.000053  1095.220845
0.000075  992.775560
0.000051  956.115335
0.000042  1065.622128
0.000049  831.002373
0.000064  1012.462298
0.000051  1116.266079
0.000065  1250.520331
0.000055  981.492114
0.000064  993.991319
0.000059  830.553906
0.000064  660.795168
0.000077  700.029325
0.000065  877.762661
0.000073  1078.816385
0.000082  1183.580593
0.000088  971.828017
0.000070  995.492363
0.000053  856.779120
0.000069  806.218863
0.000062  652.938379
0.000059  580.494897
0.000064  697.685540
0.000085  690.613932
0.000070  592.907369
0.000083  482.414997
0.000074  536.795361
0.000060  653.131835
0.000062  637.414915
0.000074  624.631294
0.000070  539.034047
0.000058  642.335837
0.000057  573.549502
0.000061  554.681486
0.000073  682.923402
