0.163080  0.107745
0.128847  0.092844
0.138268  0.088331
0.084014  0.100128
0.093807  0.129175
0.062906  0.095348
0.053290  0.066491
0.050097  0.069722
0.047068  0.079413
0.056947  0.117696
0.036662  0.122674
0.036772  0.133064
0.058913  0.081784
0.064111  0.072641
0.095677  0.077616
0.091629  0.073626
0.138154  0.113312
0.199907  0.092889
0.222514  0.117836
0.246868  0.160236
0.335482  0.153304
0.359830  0.130958
0.497080  0.130985
0.364852  0.213668
0.313180  0.152113
0.366433  0.126127
0.561134  0.106311
0.838450  0.167731
0.793895  0.201509
0.846202  0.275785
0.744514  0.268318
1.057776  0.200733
1.196178  0.268540
1.012580  0.172215
0.750100  0.236101
0.868605  0.196368
0.621792  0.191974
0.661623  0.163501
0.835653  0.168405
0.717796  0.113391
0.872651  0.160098
0.642416  0.158249
0.503998  0.153585
0.717829  0.153297
0.484379  0.138968
0.395895  0.176152
0.556651  0.134235
0.724329  0.151051
0.573434  0.173216
0.616782  0.180447
0.640546  0.219361
0.843518  0.312492
0.755535  0.196436
0.635354  0.189001
0.707233  0.234505
0.547691  0.173008
0.344417  0.122970
0.567575  0.191899
0.451214  0.135162
0.301953  0.203094
0.313210  0.182998
0.393723  0.161140
0.430411  0.170961
0.341305  0.131889
0.409548  0.127885
0.310376  0.176939
0.490751  0.235183
0.532294  0.198313
0.776253  0.147883
0.704426  0.181138
0.474107  0.170763
0.499425  0.182674
0.458154  0.159875
0.444450  0.154962
0.374313  0.235432
0.489844  0.212086
0.788026  0.190001
0.496484  0.292293
0.328301  0.209089
0.370304  0.199900
0.320848  0.135036
0.317494  0.146696
0.401128  0.185799
0.305445  0.218086
0.348328  0.180929
0.479576  0.202370
0.339390  0.131183
0.414258  0.207056
0.487271  0.133756
0.645380  0.196746
0.459599  0.204008
0.452730  0.186186
0.724757  0.219793
0.460988  0.227352
0.446681  0.230984
0.293298  0.158085
0.470327  0.176174
0.319448  0.147955
0.377343  0.231550
0.403309  0.181496
0.485047  0.142551
0.356954  0.219218
0.412739  0.165965
