0.076011  0.150965
0.062220  0.230192
0.098289  0.179292
0.084873  0.199674
0.080040  0.128470
0.064208  0.110553
0.080385  0.126675
0.089812  0.203056
0.092808  0.129968
0.088477  0.102881
0.071808  0.065268
0.116333  0.057495
0.093615  0.070523
0.134593  0.045952
0.172949  0.062584
0.276502  0.067186
0.357598  0.056144
0.403616  0.080540
0.628355  0.112641
0.902224  0.152054
0.549016  0.220652
0.384047  0.190987
0.392709  0.154348
0.603939  0.132364
0.518506  0.087922
0.591974  0.106238
0.934909  0.081589
1.096373  0.077915
0.797830  0.094574
1.162415  0.136848
1.266745  0.084845
0.971998  0.115855
0.831013  0.162235
0.819019  0.137453
1.195647  0.109979
1.545465  0.153890
1.076105  0.248208
0.876187  0.189994
0.607121  0.155592
0.514471  0.139653
0.798997  0.128136
0.523833  0.144833
0.799950  0.175481
0.876015  0.227244
0.625796  0.169452
0.913592  0.212173
0.690160  0.166809
0.426002  0.107653
0.487894  0.169223
0.568012  0.127486
0.662856  0.124795
0.686317  0.167572
0.903609  0.129268
0.935695  0.143157
0.853127  0.150034
0.522302  0.091959
0.805645  0.066860
0.714106  0.109362
0.550393  0.119147
0.503207  0.130501
0.329298  0.106509
0.465376  0.122740
0.565154  0.125443
0.926258  0.136515
0.928857  0.221065
1.347044  0.182630
0.908693  0.118961
0.592523  0.119295
0.466106  0.111460
0.402902  0.143213
0.250568  0.166041
0.315970  0.102804
0.300628  0.118134
0.315768  0.146036
0.501583  0.197028
0.357530  0.142973
0.312312  0.210727
0.495286  0.220402
0.524157  0.150062
0.561849  0.232294
0.643072  0.210583
0.773969  0.165299
0.619347  0.161986
0.453796  0.157558
0.454704  0.168484
0.608383  0.221746
0.650163  0.313790
0.769184  0.266621
0.513427  0.229130
0.735416  0.250944
0.453452  0.196377
0.728472  0.264405
0.662099  0.186076
0.404943  0.246117
0.413332  0.163590
0.483370  0.137267
0.611477  0.119220
0.394912  0.072796
0.390470  0.081065
0.622111  0.102701
0.768247  0.107053
1.023186  0.118861
0.844859  0.147707
0.569297  0.091700
0.616000  0.121000
0.623086  0.089149
0.476626  0.103593
0.362935  0.147273
0.447757  0.122063
0.394025  0.150376
0.642869  0.138413
0.613346  0.172860
0.582859  0.118747
0.554040  0.112023
0.549171  0.180625
0.665177  0.221556
0.590609  0.204679
0.527059  0.164056
