0.114196  0.082350
0.112520  0.111559
0.099769  0.107375
0.063814  0.065707
0.070257  0.099950
0.101834  0.092711
0.092695  0.098995
0.089241  0.141471
0.122594  0.145073
0.090145  0.219402
0.126971  0.143353
0.158604  0.191474
0.238393  0.290621
0.222423  0.327745
0.195606  0.531115
0.282130  0.607199
0.269695  0.581653
0.316864  0.443735
0.349078  0.346511
0.556951  0.377832
0.682419  0.507668
0.966657  0.339207
1.113356  0.271219
0.893069  0.193708
1.235051  0.136521
0.752421  0.126474
0.664111  0.091072
0.959176  0.125991
0.991997  0.163761
0.646356  0.103240
1.014220  0.145192
0.631694  0.167934
0.556485  0.274242
0.668035  0.222539
0.447747  0.331595
0.526333  0.239888
0.469207  0.357933
0.433571  0.221780
0.274832  0.305627
0.295622  0.245536
0.378421  0.306881
0.304806  0.252155
0.224660  0.407585
0.177122  0.292113
0.135125  0.373311
0.198717  0.252026
0.245740  0.196343
0.295189  0.286314
0.265276  0.297093
0.360839  0.388705
0.422591  0.438227
0.431730  0.268817
0.440902  0.248132
0.363583  0.217856
0.311545  0.250376
0.407944  0.393004
0.578466  0.352215
0.477614  0.232052
0.347847  0.196668
0.385769  0.242093
0.588427  0.363195
0.441986  0.344342
0.583206  0.422057
0.478631  0.399547
0.446419  0.319042
0.438123  0.350752
0.370226  0.400241
0.392182  0.333465
0.407900  0.258067
0.495875  0.335502
0.426212  0.433193
0.415328  0.477795
0.511325  0.421294
0.483516  0.334470
0.571144  0.282554
0.686946  0.232176
0.527349  0.269102
0.449639  0.396710
0.283324  0.423000
0.316217  0.293689
0.445828  0.438714
0.404132  0.268328
0.253196  0.290969
0.282620  0.353889
0.392833  0.321067
0.417878  0.459148
0.405588  0.377135
0.297859  0.303840
0.440589  0.389236
0.375820  0.350816
0.311753  0.373361
0.385869  0.392293
0.271065  0.374792
0.370912  0.536633
0.402177  0.427564
0.294673  0.436232
0.427000  0.331688
0.309578  0.336781
0.474493  0.406396
