0.100078  0.141864
0.125872  0.127042
0.186964  0.201807
0.158382  0.236833
0.104658  0.172734
0.083183  0.204994
0.120561  0.277530
0.141357  0.304535
0.167522  0.304402
0.190196  0.205641
0.207679  0.185158
0.237059  0.209061
0.367455  0.230517
0.541853  0.309864
0.749172  0.243553
0.827703  0.311468
0.627151  0.224442
0.793540  0.137743
0.955050  0.177599
1.221555  0.192062
0.810605  0.299241
0.753807  0.432331
0.688758  0.344550
0.633967  0.253271
0.433424  0.227087
0.698183  0.222683
0.474623  0.267865
0.634531  0.181438
0.564678  0.235129
0.570481  0.239436
0.901795  0.169816
0.857346  0.163955
0.705828  0.214161
0.593722  0.255329
0.688906  0.305333
0.787851  0.437214
0.562462  0.456646
0.540159  0.310341
0.444221  0.339620
0.556245  0.512796
0.623750  0.324105
0.757638  0.330081
0.664926  0.300599
0.963896  0.335585
0.941623  0.386686
0.588186  0.454217
0.450108  0.356125
0.566899  0.281272
0.903022  0.455173
0.587949  0.443858
0.424064  0.420309
0.360467  0.390783
0.529884  0.262038
0.512681  0.385879
0.788397  0.250317
0.604462  0.249945
0.542147  0.405108
0.498805  0.317138
0.733150  0.275431
0.590836  0.373037
0.751793  0.490145
0.570506  0.436598
0.490002  0.385541
0.389092  0.403627
0.442208  0.609104
0.441528  0.546276
0.462313  0.426585
0.486297  0.330033
0.682769  0.329311
0.599544  0.368657
0.675373  0.315233
0.484208  0.387968
0.448264  0.392413
0.540445  0.252128
0.735258  0.361480
0.453469  0.424098
0.393580  0.392466
0.388133  0.369024
0.383880  0.376574
0.452245  0.272601
0.512988  0.340359
0.553250  0.252289
0.521639  0.262997
0.365571  0.308028
0.560246  0.231242
0.674164  0.153932
0.759847  0.202327
0.639699  0.275483
0.743301  0.304096
0.458048  0.340127
0.429628  0.387840
0.587129  0.432248
0.451389  0.350814
0.665529  0.442684
0.525098  0.337925
0.459273  0.452317
0.391882  0.436849
0.571609  0.295629
0.472726  0.269606
0.577152  0.370580
0.601931  0.372628
0.442005  0.517376
0.413971  0.464193
0.553347  0.428307
0.397887  0.308943
0.570245  0.318464
0.440406  0.398954
0.369181  0.409605
0.484501  0.307604
0.362375  0.377323
0.490007  0.455715
0.489768  0.451142
