0.001332  8614.024757
0.000946  8836.035101
0.000832  9454.134940
0.000592  11763.776586
0.000630  11251.474140
0.000537  11005.083889
0.000391  10506.640820
0.000307  10513.006526
0.000268  10762.721888
0.000298  8385.862601
0.000351  9317.824503
0.000247  8353.832216
0.000151  9505.259442
0.000149  9251.631014
0.000224  7893.753305
0.000197  9032.968511
0.000151  8080.509061
0.000180  7410.885886
0.000167  7326.465496
0.000134  5953.741779
0.000136  6269.340257
0.000180  5102.436062
0.000156  5680.047032
0.000238  4468.941671
0.000182  4314.760311
0.000206  4012.104911
0.000200  3770.211432
0.000171  3762.794280
0.000155  3112.900277
0.000237  3444.277390
0.000146  2963.989736
0.000206  3409.430558
0.000136  3999.585078
0.000133  3450.259909
0.000213  4259.697484
0.000141  5359.486568
0.000223  4816.228088
0.000250  4484.864391
0.000221  4618.399026
0.000187  4108.919463
0.000174  4023.156216
0.000187  3563.986252
0.000145  2998.539778
0.000223  2369.216312
0.000197  2071.040709
0.000156  2055.829012
0.000230  1611.590301
0.000154  1551.200484
0.000207  1532.860448
0.000169  1518.996913
0.000141  1395.366827
0.000130  1249.151371
0.000147  1422.082293
0.000152  1585.336277
0.000205  1347.127042
0.000134  1587.689237
0.000122  1831.557964
0.000159  2072.431188
0.000166  2428.480840
0.000194  2531.929941
0.000137  2380.300745
0.000140  2013.618616
0.000112  1924.021494
0.000128  2234.074450
0.000126  2025.524317
0.000145  1707.413389
0.000164  1609.512158
0.000125  1304.351617
0.000129  1231.781288
0.000151  1517.742251
0.000139  1392.742798
0.000155  1136.559815
0.000148  1107.130885
0.000138  1016.110349
0.000165  998.995497
0.000152  993.957554
0.000172  1015.577823
0.000116  1077.648460
0.000158  1141.294675
0.000150  1192.212864
0.000136  971.981429
0.000223  859.368272
0.000180  847.827553
0.000153  985.388173
0.000168  1002.559013
0.000110  979.898391
0.000151  1219.795649
0.000139  971.990693
0.000125  828.914562
0.000136  737.778563
0.000152  873.018693
0.000148  863.498846
0.000179  680.115007
0.000125  792.020943
0.000141  1006.809752
0.000149  935.035053
0.000153  811.656633
0.000170  816.434052
0.000142  648.807826
