0.001503  9947.739219
0.001543  11667.785316
0.001122  9574.587818
0.001046  7930.290369
0.000678  6890.062290
0.000521  5900.046229
0.000460  7506.477746
0.000328  8042.334478
0.000292  8562.185497
0.000382  6841.024250
0.000295  7938.712388
0.000330  7611.591461
0.000205  9251.627887
0.000209  8459.561237
0.000188  8664.929179
0.000180  6864.975816
0.000230  5842.907654
0.000203  5647.087444
0.000196  4963.877677
0.000124  4288.298319
0.000152  3637.553803
0.000136  3355.996773
0.000189  2778.551730
0.000187  2464.038286
0.000227  2368.279257
0.000161  2586.679824
0.000190  2093.418605
0.000242  1702.442232
0.000212  1523.113562
0.000175  1224.349605
0.000152  1355.771165
0.000154  1149.776205
0.000194  909.587093
0.000187  1006.291786
0.000187  835.702398
0.000177  930.390685
0.000152  1093.492278
0.000179  1397.558734
0.000195  1576.290358
0.000148  1483.473542
0.000158  1220.686395
0.000192  1042.019195
0.000155  906.403496
0.000133  1003.108823
0.000103  1072.266107
0.000116  920.728446
0.000174  720.049810
0.000207  735.368716
0.000131  662.448146
0.000156  583.319722
0.000199  488.681134
0.000174  580.649003
0.000213  719.276221
0.000135  689.014528
0.000169  573.189291
0.000177  581.245428
0.000145  513.908626
0.000156  592.245026
0.000160  704.146599
0.000147  784.956046
0.000135  836.585116
0.000139  762.298256
0.000167  687.051306
0.000182  778.909258
0.000148  717.032614
0.000134  743.373777
0.000184  754.687506
0.000192  894.515088
0.000147  782.351028
0.000164  846.029861
0.000180  1065.595024
0.000164  878.364772
0.000171  686.952046
0.000175  678.045418
0.000159  691.639203
0.000156  542.331698
0.000199  606.755015
0.000147  552.600496
0.000163  574.695824
0.000168  540.765343
0.000179  640.184629
0.000190  515.601860
0.000205  407.352478
0.000170  478.146872
0.000179  424.164126
0.000185  418.126419
0.000147  503.102753
0.000185  475.852834
0.000152  548.190890
0.000170  658.740267
0.000142  767.476942
0.000164  602.987989
0.000169  576.600105
0.000130  572.913506
0.000161  671.373051
0.000153  676.815236
0.000154  807.282159
0.000143  869.827404
0.000163  746.259627
0.000152  680.801039
0.000144  838.890236
0.000164  1064.245559
0.000163  847.648958
0.000121  740.704761
0.000165  681.148991
0.000152  530.594744
0.000150  581.457237
0.000166  726.743053
0.000168  718.228269
0.000178  723.299989
0.000138  656.761675
0.000156  567.209495
