0.091661  0.160835
0.065539  0.229937
0.042761  0.349117
0.060268  0.314284
0.080582  0.429585
0.109685  0.566301
0.105045  0.707930
0.083028  0.504637
0.096031  0.386687
0.103008  0.252265
0.074867  0.206442
0.112217  0.333238
0.106305  0.222795
0.162387  0.164104
0.213563  0.189364
0.240010  0.246893
0.295127  0.167393
0.357424  0.154799
0.553839  0.104035
0.875959  0.111610
0.754352  0.112197
0.855116  0.146541
1.314945  0.115252
1.253770  0.159828
1.502191  0.146218
1.457088  0.141414
1.268431  0.140752
1.144766  0.109940
0.729738  0.158169
1.171256  0.195182
1.813216  0.223411
2.683956  0.137912
2.950566  0.090604
2.096367  0.080801
1.814954  0.090469
1.695608  0.121276
1.591075  0.108633
1.995987  0.141955
1.792285  0.157159
1.972467  0.128138
2.187807  0.150354
1.988613  0.103978
1.530272  0.149224
1.355703  0.115071
1.522609  0.155106
1.750524  0.178388
2.195872  0.138697
1.980985  0.131896
1.551787  0.084033
1.434046  0.120816
1.122590  0.129001
1.182478  0.086641
1.726157  0.117027
1.426777  0.149949
1.966690  0.110014
1.846578  0.122896
1.227858  0.149090
1.457809  0.147156
2.351516  0.175061
2.893822  0.217266
2.105260  0.228575
1.709744  0.255326
1.602951  0.200577
1.319914  0.170346
1.306848  0.226396
1.845605  0.180730
1.384875  0.148585
0.939065  0.158156
1.261884  0.132410
0.841963  0.217178
1.300702  0.151943
1.398382  0.200031
1.695615  0.168335
1.165946  0.125837
1.307878  0.150358
1.193607  0.092659
1.192676  0.094355
1.262510  0.147029
1.133828  0.182208
1.111059  0.158651
1.235979  0.196543
1.108821  0.209987
1.175383  0.178789
0.873878  0.182278
