0.001175  12436.741590
0.000778  11182.355913
0.000560  10472.785205
0.000427  10070.934202
0.000397  9705.946862
0.000260  8613.314384
0.000184  7757.705440
0.000138  6208.297683
0.000137  5896.771479
0.000154  4940.343829
0.000129  5059.789123
0.000138  5436.966259
0.000132  4490.178144
0.000134  4852.307277
0.000089  3792.261582
0.000101  4806.613139
0.000083  3902.074880
0.000079  3068.343198
0.000126  2531.429379
0.000123  2138.056874
0.000093  2145.678310
0.000066  1749.682615
0.000065  2128.184719
0.000064  1948.542078
0.000069  1895.955225
0.000105  2289.014794
0.000068  2297.588367
0.000070  2183.612630
0.000076  2554.819211
0.000084  2074.254610
0.000075  2080.356394
0.000077  1767.440764
0.000082  1661.930331
0.000074  1328.800836
0.000095  1085.897669
0.000106  1137.272119
0.000074  919.833636
0.000054  793.444983
0.000072  1017.867159
0.000072  1093.814279
0.000067  1107.442757
0.000067  1363.214287
0.000077  1107.447896
0.000063  1007.482917
0.000082  906.195660
0.000083  1003.820948
0.000053  865.576270
0.000058  874.749189
0.000062  1109.763159
0.000073  1022.367047
0.000061  1048.783213
0.000066  1127.271655
0.000056  1389.450328
0.000068  1200.565250
0.000072  1394.678152
0.000085  1274.406537
0.000054  1037.611640
0.000049  1003.576883
0.000067  1252.207010
0.000092  1076.041868
0.000070  1135.821952
0.000060  1297.334937
0.000079  1451.143852
0.000055  1436.667280
0.000056  1772.299382
0.000058  1407.751474
0.000063  1442.214863
0.000051  1216.902096
0.000055  1514.375925
0.000067  1547.737263
0.000057  1568.328210
0.000055  1910.820857
0.000052  1665.001206
0.000062  1550.185581
0.000070  1388.211992
0.000057  1473.235380
0.000059  1579.220061
0.000061  1619.212021
0.000059  1290.810954
0.000067  1536.771802
0.000065  1514.584584
0.000050  1779.618457
0.000056  1642.993614
0.000046  1284.441337
0.000053  1479.931022
0.000070  1830.069762
0.000063  1708.482853
0.000069  1762.013782
0.000079  1794.752350
0.000056  1474.670037
0.000051  1689.176871
0.000056  1989.965965
0.000055  2211.733805
0.000044  2126.630095
0.000043  1847.614884
0.000060  1480.989359
0.000066  1244.309590
0.000060  1490.023308
0.000055  1843.606887
0.000046  1911.574745
0.000052  2364.416379
0.000053  2358.737573
0.000065  2179.090598
0.000051  1964.986783
0.000061  1568.095076
0.000057  1303.993576
0.000049  1037.927177
0.000057  1114.960644
0.000052  1413.231484
0.000062  1769.723132
0.000059  1760.517897
0.000055  1426.123640
0.000050  1141.542339
0.000060  1365.641676
0.000063  1493.061872
0.000053  1278.576438
0.000067  1313.196831
0.000068  1447.580441
0.000060  1752.505467
0.000067  1932.426121
0.000057  1850.371768
0.000059  1523.152608
