0.000620  9000.413253
0.000396  11295.575289
0.000275  9020.227650
0.000214  9533.499052
0.000155  9967.980480
0.000094  9465.921894
0.000070  9263.833832
0.000057  10954.122836
0.000055  8823.744630
0.000059  8066.144876
0.000076  6335.193732
0.000054  6749.586760
0.000070  6825.309713
0.000062  7196.644148
0.000050  5997.556932
0.000080  6289.600034
0.000080  6435.691494
0.000081  6346.279092
0.000096  6054.430816
0.000089  5791.952774
0.000099  6398.064286
0.000077  7970.464051
0.000074  8715.811564
0.000073  6931.677080
0.000080  8330.656905
0.000080  9935.328103
0.000073  9565.480726
0.000083  8435.780355
0.000064  9260.641924
0.000075  8015.608422
0.000060  9218.088506
0.000087  10888.374035
0.000079  8930.085410
0.000069  11313.129383
0.000070  9660.856059
0.000092  8901.630844
0.000073  7786.066026
0.000073  9655.732308
0.000078  8123.837163
0.000063  7481.024287
0.000058  5949.702316
0.000087  4641.046667
0.000060  4147.427173
0.000073  3811.165937
0.000064  3094.445761
0.000065  2677.690083
0.000066  3143.549001
0.000075  2779.238857
0.000083  2619.122807
0.000083  2115.319800
0.000079  1740.424493
0.000077  1485.370196
0.000076  1398.236680
0.000062  1543.990822
0.000077  1291.929605
0.000067  1180.695826
0.000083  1010.176506
0.000062  821.444911
0.000056  813.030428
0.000053  889.070720
0.000059  872.310962
0.000067  1117.969496
0.000071  977.761500
0.000067  1177.571869
0.000053  1116.572822
0.000056  917.802892
0.000070  879.820150
0.000081  1005.333336
0.000064  1134.508522
0.000062  1021.298224
0.000061  1253.272123
0.000067  1434.650937
0.000066  1794.105103
0.000079  1538.649385
0.000074  1573.300604
0.000081  1303.502987
0.000073  1261.492059
0.000054  1025.700268
0.000050  1241.308773
0.000072  1057.717437
0.000068  1145.247073
0.000057  1007.890442
0.000061  962.600581
0.000072  895.919247
