0.000990  12214.223557
0.000647  12230.038710
0.000429  9854.427911
0.000368  11453.700537
0.000233  10425.060453
0.000187  9197.932820
0.000135  8939.044408
0.000118  10449.562818
0.000074  11129.092725
0.000068  11825.163966
0.000052  14269.371259
0.000055  13520.579808
0.000072  10606.508477
0.000071  12994.806353
0.000079  10351.666487
0.000077  8385.369591
0.000067  9625.351380
0.000067  8866.494273
0.000090  8178.257858
0.000088  8324.461047
0.000081  8902.080959
0.000061  10095.949641
0.000046  9806.750922
0.000054  10554.604470
0.000052  8529.142940
0.000050  6916.930536
0.000048  8229.162026
0.000052  7477.563669
0.000068  6464.317373
0.000053  6458.138611
0.000044  7382.520079
0.000064  6852.259793
0.000066  5583.249661
0.000060  4519.863843
0.000062  5499.962002
0.000069  4912.678501
0.000065  4507.325162
0.000061  3830.750027
0.000068  4212.995969
0.000068  4498.101614
0.000068  4294.356930
0.000058  3917.143681
0.000062  3735.110565
0.000070  3632.471809
0.000068  3103.454096
0.000053  3216.692738
0.000063  2563.226592
0.000077  2080.291308
0.000051  2183.944705
0.000070  1976.765294
0.000077  1694.352269
0.000081  1967.294291
0.000069  2225.157410
0.000070  1859.532342
0.000062  1561.309953
0.000063  1379.662912
0.000060  1349.622311
0.000069  1070.704337
0.000079  1287.050915
0.000068  1139.517140
0.000069  997.641920
0.000069  1130.371660
0.000077  1041.666347
0.000084  942.144516
0.000078  1027.692084
0.000074  835.052101
0.000062  848.268836
0.000086  724.365437
0.000069  574.173295
0.000055  703.837447
0.000058  862.027091
0.000058  1038.604486
0.000064  1244.441887
0.000077  1099.388819
0.000075  1234.080200
0.000073  1083.616261
0.000057  1336.666970
0.000073  1271.360212
0.000075  1542.697694
