0.124141  0.137457
0.121499  0.147694
0.173916  0.112314
0.215775  0.140866
0.218623  0.168078
0.246363  0.255666
0.386657  0.241414
0.385208  0.159276
0.519396  0.140952
0.380777  0.091619
0.600616  0.143734
0.593786  0.152529
0.485161  0.103079
0.438863  0.093311
0.398908  0.101821
0.494572  0.145699
0.525555  0.104934
0.539666  0.089149
0.869628  0.089375
1.031118  0.105807
0.901572  0.134159
1.270962  0.091241
1.648595  0.117849
1.719129  0.132734
1.294048  0.136436
0.852787  0.105507
1.183211  0.156309
0.880617  0.129532
0.600740  0.136699
0.773318  0.136177
1.042374  0.142081
0.881427  0.148898
0.955468  0.156174
1.115455  0.169429
1.280060  0.152324
0.989398  0.112868
1.416324  0.089498
1.067989  0.133249
1.175208  0.130974
1.105319  0.092013
0.917594  0.083704
0.956103  0.136017
0.585497  0.097940
0.928139  0.129178
0.946871  0.120825
0.660103  0.168367
1.044883  0.114444
0.641228  0.113494
0.810758  0.116122
0.859913  0.087208
0.687756  0.100908
0.796697  0.148210
0.682558  0.161507
1.022461  0.200679
0.702185  0.162721
0.578781  0.238964
0.678392  0.192854
0.558219  0.153026
0.858911  0.106866
0.522673  0.122008
0.494431  0.139362
0.802070  0.107530
0.899449  0.093404
1.039462  0.107526
1.052987  0.074519
0.832691  0.102817
0.811204  0.110839
0.508274  0.146554
0.686800  0.137523
0.800431  0.166981
0.686746  0.228702
0.783671  0.195050
1.037244  0.121022
0.664578  0.119747
0.592994  0.085941
0.669602  0.107976
0.870655  0.139023
0.588308  0.132184
0.612862  0.157210
