0.082319  0.111461
0.085359  0.133348
0.115051  0.149751
0.172548  0.116878
0.197466  0.161255
0.140076  0.137831
0.097961  0.135786
0.084193  0.095312
0.065987  0.101944
0.070876  0.093508
0.107471  0.111996
0.170696  0.074693
0.195531  0.053056
0.128784  0.036105
0.120258  0.056115
0.140434  0.080249
0.092602  0.090105
0.131027  0.061809
0.210338  0.098609
0.304216  0.118573
0.317265  0.096896
0.351810  0.137916
0.439678  0.110160
0.709769  0.077070
0.705432  0.087054
0.518713  0.107367
0.697674  0.135134
0.461334  0.182267
0.360156  0.161434
0.306146  0.230184
0.416839  0.226083
0.617817  0.223477
0.655215  0.157304
0.489044  0.179522
0.407400  0.147172
0.665665  0.110676
1.028820  0.075236
0.829825  0.066394
0.936745  0.042210
0.943917  0.048273
0.939831  0.068461
1.004458  0.060525
0.994617  0.073121
1.409138  0.093317
1.313331  0.115712
1.167154  0.140622
1.660810  0.183861
1.454375  0.157650
1.108153  0.151909
0.790983  0.122292
0.825496  0.184915
1.031431  0.141709
0.936904  0.098408
0.625406  0.108025
0.611863  0.122511
0.868727  0.082547
1.223190  0.103870
1.575045  0.131917
1.050438  0.157168
0.916895  0.100023
0.598317  0.114838
0.388673  0.145930
0.612416  0.147246
0.897142  0.164300
0.889776  0.149535
1.039725  0.136126
1.072397  0.162566
0.802192  0.121812
0.751573  0.175400
0.493642  0.199914
0.755770  0.216681
0.799782  0.161810
0.867261  0.202054
0.551680  0.171042
0.517705  0.103918
0.712013  0.099772
0.744448  0.132608
0.943816  0.123543
0.596667  0.142172
0.609378  0.165517
0.626065  0.192218
0.983995  0.181888
0.716271  0.124111
0.641521  0.180055
0.746972  0.143098
0.467026  0.148780
0.547529  0.121753
0.638283  0.150176
0.533638  0.107247
0.800207  0.122359
0.868622  0.133747
0.783226  0.157531
0.751178  0.233552
1.000437  0.238407
0.695042  0.151768
0.480369  0.109764
0.373558  0.144958
0.598957  0.196747
0.614337  0.234009
0.773387  0.179573
0.628499  0.239189
0.547937  0.218799
0.437625  0.136186
0.510263  0.194849
0.420350  0.145497
0.468565  0.179173
0.445017  0.231718
0.530320  0.152129
0.680474  0.160414
0.532490  0.172243
0.473113  0.185971
0.402258  0.184086
0.487926  0.151542
0.463926  0.130576
0.505624  0.151811
0.678055  0.126176
0.458130  0.119629
0.370887  0.117014
0.367624  0.175890
0.370455  0.108395
0.548648  0.119253
0.727197  0.121332
