0.001079  8928.333829
0.001011  11206.552456
0.000684  12548.422486
0.000471  10780.146728
0.000354  13611.827952
0.000272  12336.492992
0.000241  13203.747022
0.000174  16681.967827
0.000132  14983.816790
0.000109  14883.951396
0.000095  13486.773978
0.000079  13592.849041
0.000079  10893.336338
0.000049  8620.993020
0.000067  7635.515477
0.000066  7802.761679
0.000070  8439.422968
0.000044  8017.451926
0.000066  7497.763317
0.000086  7837.399320
0.000073  6843.223875
0.000078  6842.365910
0.000074  7648.993424
0.000068  6765.845665
0.000064  8447.941571
0.000066  7980.134689
0.000075  6247.947609
0.000056  5390.475595
0.000076  4577.437154
0.000069  4645.425575
0.000049  5114.888047
0.000061  4085.563173
0.000048  5202.266501
0.000054  4262.044839
0.000033  4195.944585
0.000032  3561.384115
0.000024  3225.526599
0.000033  3536.437106
0.000051  3409.561874
0.000035  3028.734193
0.000036  2881.876061
0.000044  2535.401016
0.000034  2110.717631
0.000031  2448.807868
0.000027  2004.431886
0.000032  1882.004087
0.000023  1647.687440
0.000031  1806.849565
0.000035  1725.375015
0.000029  2044.412017
0.000035  1672.353525
0.000031  1803.506307
0.000031  1957.518563
0.000030  1720.557089
0.000023  1549.533598
0.000029  1969.049759
0.000024  2039.061359
0.000032  1769.724313
0.000029  1426.132938
0.000027  1556.912618
0.000026  1484.742860
0.000031  1610.389264
0.000030  1534.261300
0.000029  1400.921554
0.000035  1172.424490
0.000036  1393.771386
0.000032  1312.064234
0.000035  1656.444494
0.000034  1440.832906
0.000034  1416.650284
0.000041  1174.201609
0.000045  1412.009883
0.000036  1229.737394
0.000040  1170.978408
0.000034  1119.779104
0.000036  1371.269841
0.000033  1274.709880
0.000035  1119.662303
0.000031  1184.472088
0.000028  1083.068918
0.000035  924.916510
0.000036  991.558144
0.000041  1139.265947
0.000033  1074.827089
0.000039  1107.360342
0.000039  892.542106
0.000040  1130.294680
0.000036  1006.072742
0.000030  1214.340781
0.000030  993.366464
0.000029  1205.903675
0.000030  1021.558190
0.000042  1191.978367
0.000034  1137.313594
0.000034  1246.580804
0.000033  1088.488330
0.000039  1394.697329
0.000035  1332.204079
0.000027  1375.631723
0.000035  1397.825906
0.000034  1772.350997
0.000040  1884.164078
0.000029  1652.036742
0.000044  2103.080261
0.000031  1952.469597
0.000041  1718.268870
0.000032  1500.602697
0.000034  1225.948723
0.000034  1192.553587
0.000032  1320.142401
0.000033  1483.931186
0.000035  1899.060704
0.000035  1944.070498
0.000037  1581.030145
0.000030  1920.847459
0.000037  1911.132930
0.000034  1897.693074
0.000034  1745.482969
