0.001387  8836.717818
0.001298  9667.426448
0.000811  7854.082545
0.000699  9801.413793
0.000438  9392.459867
0.000434  7852.829184
0.000400  7660.771142
0.000297  6972.359460
0.000182  7836.081048
0.000112  9986.131776
0.000098  9841.403639
0.000094  9922.582287
0.000079  10633.433580
0.000062  11235.258387
0.000081  9119.561057
0.000063  7653.351384
0.000082  6751.822883
0.000073  6800.048108
0.000111  6124.120715
0.000118  6025.219522
0.000099  5981.987524
0.000072  6208.375059
0.000064  7136.810478
0.000067  5827.779732
0.000075  6326.317238
0.000061  6290.941833
0.000087  5905.699211
0.000063  5082.368569
0.000044  4282.931818
0.000051  3790.634391
0.000042  3125.504019
0.000057  3590.998556
0.000035  3559.806190
0.000034  2789.166232
0.000041  2392.105589
0.000037  2687.660994
0.000039  3424.723940
0.000038  2830.569937
0.000033  2229.339857
0.000035  2798.436242
0.000033  2227.726084
0.000040  1929.578234
0.000036  1687.280951
0.000030  1843.026624
0.000032  2311.137066
0.000024  1868.449427
0.000031  2276.883860
0.000036  2578.069528
0.000031  2749.603645
0.000022  2213.807437
0.000034  1909.228869
0.000033  2176.838312
0.000039  1955.100225
0.000040  1696.447560
0.000027  2101.007594
0.000035  1679.926409
0.000037  1543.845482
0.000028  1936.976994
0.000036  1886.017904
0.000035  1970.233634
0.000024  2239.077514
0.000034  2116.978944
0.000031  2632.656360
0.000033  2202.081104
0.000030  1802.366175
0.000034  2097.262301
0.000025  1698.030474
0.000025  2029.230648
0.000030  1592.733741
0.000022  1495.109547
0.000024  1905.192279
0.000036  1856.665301
0.000042  1515.569071
0.000036  1246.027764
0.000027  1488.156618
0.000041  1864.827723
0.000042  1623.978004
0.000041  1925.914731
0.000036  1720.492788
0.000027  1522.850152
0.000039  1882.154849
0.000037  1547.578563
0.000038  1319.172830
0.000036  1554.144385
0.000034  1654.049228
0.000040  1639.315400
0.000029  1352.585522
0.000034  1144.601624
0.000029  1239.718105
0.000038  1464.189503
0.000031  1298.370369
0.000030  1368.614422
0.000029  1415.370542
0.000044  1339.601136
0.000039  1088.392407
0.000041  1213.418209
0.000033  1140.472839
0.000031  1080.772230
0.000032  1069.274146
0.000025  1285.428401
0.000031  1481.678675
0.000033  1607.769731
0.000039  1989.376830
0.000038  1609.440816
0.000027  1444.208507
0.000035  1131.960785
0.000035  1302.427673
0.000031  1211.514798
0.000034  1527.355255
0.000032  1804.342592
