0.000706  8185.038467
0.000485  9710.376061
0.000365  11637.384106
0.000292  12221.502143
0.000221  14600.520580
0.000174  12733.017512
0.000132  15261.609851
0.000081  14782.932704
0.000128  14189.684933
0.000086  12821.488525
0.000095  11415.875136
0.000117  11263.857973
0.000113  10106.767895
0.000107  10214.294256
0.000094  9122.600872
0.000078  9654.324019
0.000059  8440.561124
0.000055  7287.456375
0.000059  6187.774844
0.000059  7846.051841
0.000071  7104.125865
0.000069  7574.132981
0.000089  9439.458598
0.000089  11801.301483
0.000074  10072.140504
0.000088  8316.294698
0.000095  7845.271957
0.000089  8332.963243
0.000080  6810.009828
0.000088  5957.939762
0.000093  5076.168216
0.000079  5461.370454
0.000054  6094.825556
0.000060  5044.088213
0.000081  5841.468676
0.000075  5276.298461
0.000052  4225.597293
0.000069  4794.788555
0.000072  5803.466174
0.000056  6459.185071
0.000048  6975.435150
0.000053  6531.449861
0.000038  5213.714618
0.000048  5352.500529
0.000057  4708.069942
0.000051  4712.998469
0.000052  4474.504517
0.000064  4092.439564
0.000055  3440.855843
0.000049  3482.037496
0.000073  4429.141691
0.000075  4148.785108
0.000047  4250.260200
0.000055  3569.714692
0.000045  2929.018517
0.000060  3195.922414
0.000054  2702.031415
0.000077  2407.691915
0.000064  2071.900454
0.000065  1993.786066
0.000087  1623.054675
0.000057  1975.165898
0.000060  1633.255157
0.000074  1456.345138
0.000054  1334.735870
0.000052  1493.231066
0.000066  1470.076711
0.000070  1407.247653
0.000059  1248.001844
0.000051  1003.620953
0.000056  1036.692144
0.000056  1205.022333
0.000063  1434.660764
0.000054  1511.410752
0.000060  1669.773593
0.000065  1818.975563
0.000052  1733.084560
0.000061  1623.031932
0.000057  1843.881768
0.000075  1530.794772
0.000054  1592.687036
0.000050  1403.840620
0.000054  1128.055568
0.000065  960.124640
0.000050  897.154852
0.000054  1062.349432
0.000055  955.627521
0.000066  1207.818599
0.000062  1250.184988
0.000065  1258.144118
0.000058  1084.833738
0.000058  1323.317562
0.000054  1351.033559
0.000059  1610.010880
0.000047  1475.815912
0.000058  1266.061772
