0.000860  8544.316571
0.000636  9879.860648
0.000464  10089.900989
0.000290  12795.022070
0.000191  10299.581848
0.000124  13214.168508
0.000078  14404.683948
0.000097  13758.295179
0.000063  17352.851118
0.000097  16808.391617
0.000107  20334.937511
0.000081  23987.343050
0.000053  19991.409282
0.000070  21826.022171
0.000078  18267.130338
0.000092  21372.678845
0.000090  17062.966292
0.000056  14743.155786
0.000066  11898.999785
0.000075  13741.680648
0.000073  12535.766401
0.000058  10898.730962
0.000063  8599.344055
0.000068  6890.724924
0.000080  7562.661858
0.000063  7612.107065
0.000064  6197.411154
0.000079  5175.654690
0.000066  4102.250356
0.000074  3590.738448
0.000054  3095.230956
0.000063  2564.035654
0.000053  2526.193301
0.000064  2612.570962
0.000061  2077.144549
0.000064  1710.256563
0.000058  1391.555897
0.000049  1541.517331
0.000068  1662.100318
0.000054  1842.546630
0.000062  1924.435548
0.000056  1733.821235
0.000053  1673.440868
0.000052  1915.246859
0.000073  1624.959864
0.000072  1887.512447
0.000067  1497.842192
0.000074  1240.921633
0.000068  1431.071458
0.000069  1141.946536
0.000075  1123.882019
0.000073  1082.798040
0.000054  924.200365
0.000064  1113.198041
0.000063  867.710537
0.000066  871.227531
0.000068  912.034668
0.000073  1166.223994
0.000061  997.727338
0.000087  1196.293569
0.000077  1185.060866
0.000065  1332.355505
0.000073  1116.055148
0.000080  1059.121996
0.000059  1008.676169
0.000074  1228.662636
0.000055  1224.714784
0.000058  1186.505808
0.000077  1267.005104
0.000059  1306.993693
0.000053  1462.121066
0.000058  1157.694190
0.000076  931.377999
0.000073  791.689120
0.000077  977.150304
0.000065  1015.937694
0.000066  1016.785746
0.000069  1047.582300
0.000066  925.048068
0.000055  767.902664
0.000059  757.151593
0.000056  919.521699
0.000072  948.781074
0.000068  1009.578930
0.000072  1121.278042
0.000071  1208.606626
