0.001140  12438.913938
0.000820  12660.534213
0.000580  10509.687068
0.000396  9841.488083
0.000435  10590.694385
0.000298  10671.598905
0.000255  10257.715565
0.000261  13131.386268
0.000184  11790.555288
0.000147  10438.469830
0.000124  8287.051835
0.000098  6550.141143
0.000098  7703.913840
0.000092  8212.770545
0.000111  9822.624172
0.000104  8342.408741
0.000083  9333.025377
0.000083  7612.917930
0.000053  9219.287928
0.000043  10596.875910
0.000051  12116.802057
0.000076  11557.621900
0.000048  14667.122041
0.000049  17913.029678
0.000036  22598.547720
0.000050  26852.457663
0.000047  20922.805733
0.000034  18046.564304
0.000035  16187.362543
0.000026  17711.437049
0.000034  20532.714262
0.000039  24374.655793
0.000039  19203.061317
0.000039  19426.761993
0.000051  22296.875164
0.000034  23016.486129
0.000041  20607.222094
0.000050  20876.170394
0.000049  20851.533543
0.000047  16820.892500
0.000046  14516.992806
0.000069  16801.405637
0.000067  15257.140171
0.000060  16167.921405
0.000042  15670.283889
0.000045  13791.483967
0.000055  14939.224884
0.000041  18783.419688
0.000049  16157.692353
0.000074  13011.202710
0.000056  14670.043212
0.000056  11468.046349
0.000059  9108.268361
0.000054  11582.502269
0.000043  14233.284710
0.000051  15836.730255
0.000058  12520.354855
0.000042  11544.338971
0.000051  13356.133360
0.000045  16335.649107
0.000070  20704.845905
0.000069  22758.196304
0.000046  22122.148575
0.000054  19424.046771
0.000048  15209.780060
0.000046  13414.347567
0.000042  11897.951847
0.000043  11323.268867
0.000054  11279.033272
0.000051  9901.021560
0.000040  9358.840214
0.000038  9825.573674
0.000045  8707.570407
0.000035  7874.916169
0.000040  6337.885537
0.000038  8027.346547
0.000046  6519.581017
0.000031  5524.453695
0.000036  4622.857511
0.000038  3670.344787
0.000043  3547.056617
0.000043  3005.841282
0.000040  3545.336588
0.000030  3113.916148
0.000048  2556.038051
0.000050  3245.681566
0.000045  3633.999780
0.000045  4601.260615
0.000036  3955.904212
0.000043  4193.344817
0.000034  3843.850940
0.000050  3981.412029
0.000051  3401.742402
0.000043  3267.124320
0.000041  2706.451884
0.000049  2412.779396
0.000047  1943.700697
0.000057  1909.836341
0.000036  2371.686219
0.000043  1915.109120
0.000039  1513.031862
0.000042  1739.454798
0.000045  1849.369532
0.000040  2143.457126
0.000044  1709.293864
0.000042  1557.168537
0.000033  1287.629964
0.000038  1174.307747
0.000036  1402.577979
0.000036  1130.055213
0.000034  1325.696505
0.000040  1264.881357
0.000048  1105.495581
0.000048  1135.418760
0.000048  1314.724819
0.000046  1181.378490
0.000044  1417.952016
0.000044  1608.797728
0.000046  1827.652240
0.000031  1862.628084
0.000045  1613.436049
