0.073659  0.064642
0.106620  0.061451
0.066039  0.059327
0.041939  0.066500
0.039760  0.095476
0.031373  0.081291
0.049234  0.073417
0.074481  0.064344
0.075172  0.057658
0.062781  0.061305
0.063128  0.077631
0.062101  0.051906
0.092235  0.037508
0.101093  0.056108
0.079878  0.055750
0.107546  0.044644
0.112613  0.062758
0.185191  0.093215
0.214454  0.104814
0.274480  0.130907
0.393180  0.086428
0.569373  0.062668
0.756417  0.056171
0.749235  0.054170
0.974529  0.054367
1.155692  0.050235
0.936336  0.071622
0.857509  0.092506
1.129350  0.071531
1.288849  0.111866
2.023505  0.177057
1.944718  0.170918
2.437885  0.162644
3.074616  0.115062
3.379378  0.098627
2.966037  0.083463
2.699784  0.059008
2.271458  0.071145
2.261000  0.054762
2.989042  0.083744
4.757958  0.059830
5.525272  0.088350
3.421189  0.110887
2.124338  0.094667
3.118239  0.111144
2.890596  0.108202
2.880148  0.122233
3.078895  0.146462
4.434634  0.200445
3.515542  0.240913
3.784815  0.189571
2.748781  0.279223
3.909637  0.223456
2.492721  0.136049
2.241370  0.201181
2.072467  0.276361
3.359315  0.173940
2.209953  0.122600
1.463023  0.123760
2.189824  0.178043
1.811580  0.125999
2.257641  0.100996
3.370115  0.119503
2.607308  0.126877
2.548662  0.110355
2.829420  0.173270
1.818548  0.134970
1.628987  0.186060
1.248377  0.246706
1.696049  0.194083
1.832388  0.173356
1.530004  0.260530
1.400168  0.291578
1.572849  0.218923
1.606639  0.237824
2.105063  0.203501
1.951940  0.235525
1.871836  0.221399
1.484738  0.158640
1.623022  0.152913
1.797275  0.185631
1.677158  0.158435
1.284404  0.195454
1.153039  0.218767
0.880289  0.190891
1.088732  0.182860
1.659042  0.191750
1.534267  0.180850
1.742677  0.122176
1.571756  0.110733
1.345852  0.178986
1.843556  0.231844
1.625763  0.176276
1.211913  0.176387
1.704797  0.288377
1.494991  0.183789
1.195425  0.210384
1.465218  0.205416
1.944377  0.250707
1.740226  0.282317
1.974629  0.213823
1.340485  0.224044
1.668630  0.162538
1.633265  0.149196
1.063958  0.138796
0.699777  0.159814
0.729778  0.241481
0.885984  0.206957
0.808996  0.209305
1.283831  0.136340
1.727253  0.151420
1.623888  0.132815
1.426971  0.143494
0.870128  0.165001
0.877883  0.211442
1.054328  0.194182
0.828920  0.148796
1.031292  0.180525
0.949560  0.201239
1.187316  0.181562
1.023895  0.199062
0.994432  0.164864
1.086889  0.179667
1.153452  0.156242
0.768997  0.238015
1.045053  0.275123
1.068577  0.202539
0.812133  0.200040
0.960618  0.280238
0.735939  0.208273
0.876967  0.136903
0.945671  0.120973
0.867283  0.117290
0.884670  0.142065
1.310805  0.143901
