0.064403  0.081759
0.052207  0.064245
0.052552  0.073664
0.045079  0.063096
0.069093  0.065232
0.106625  0.045712
0.141599  0.039886
0.101033  0.062334
0.104903  0.051696
0.100838  0.071241
0.073017  0.072899
0.100788  0.072765
0.083269  0.111635
0.098547  0.174518
0.126897  0.130090
0.130910  0.088195
0.079841  0.143558
0.113303  0.168791
0.100883  0.152504
0.089269  0.142686
0.104535  0.164266
0.095478  0.187372
0.104514  0.131120
0.158998  0.175821
0.259374  0.152861
0.406130  0.123512
0.349759  0.195224
0.424238  0.130061
0.306461  0.112515
0.352567  0.093990
0.218066  0.091292
0.134274  0.147660
0.119331  0.142153
0.116342  0.192909
0.181433  0.117429
0.175291  0.109092
0.135920  0.153988
0.179984  0.145203
0.192878  0.135305
0.147598  0.218549
0.137637  0.209746
0.220744  0.155273
0.174736  0.101767
0.258571  0.098134
0.375341  0.088969
0.346696  0.124421
0.291083  0.103194
0.399420  0.072449
0.435024  0.096773
0.481752  0.067852
0.548400  0.108329
0.766555  0.099678
0.607523  0.088867
0.599987  0.132859
0.580986  0.121049
0.870731  0.113449
0.632186  0.186576
0.425175  0.135634
0.466410  0.089735
0.629052  0.125275
0.600276  0.117093
0.528177  0.171557
0.502614  0.128902
0.506319  0.086246
0.739822  0.114131
0.643280  0.177724
0.736605  0.192197
0.585544  0.136965
0.794590  0.154200
1.100726  0.121620
0.898984  0.137086
0.570034  0.136704
0.385644  0.139233
0.466409  0.181105
0.396370  0.143298
0.592734  0.173615
0.583678  0.165083
0.920331  0.153564
0.568646  0.116069
0.420592  0.097821
0.357780  0.098985
0.217360  0.113732
0.196272  0.105527
0.247739  0.128924
0.194392  0.111424
0.243305  0.142466
0.385688  0.116027
0.304641  0.126180
0.331015  0.130590
0.219093  0.119611
0.258139  0.103971
0.413684  0.143802
0.388323  0.109181
0.555760  0.123516
0.443912  0.128520
0.293923  0.080088
0.384300  0.121345
0.301774  0.139202
0.323205  0.147165
0.532116  0.141833
0.424118  0.135078
0.259216  0.115047
0.241906  0.135038
0.252760  0.106949
0.248963  0.136247
0.309121  0.149905
