0.087887  0.097284
0.085441  0.110469
0.066080  0.157152
0.084922  0.100452
0.115086  0.088408
0.075746  0.115665
0.064576  0.100905
0.048944  0.114356
0.031181  0.103716
0.032752  0.147239
0.022518  0.221228
0.023679  0.214282
0.037460  0.157258
0.042084  0.205841
0.033596  0.128160
0.048028  0.125329
0.049968  0.134945
0.041635  0.165221
0.037993  0.127562
0.028157  0.081621
0.042972  0.053206
0.032170  0.084618
0.049403  0.138301
0.036080  0.123460
0.042145  0.077078
0.056563  0.100941
0.059508  0.116309
0.064163  0.154309
0.050450  0.144503
0.073342  0.158447
0.053937  0.222603
0.072038  0.210444
0.108417  0.174113
0.090044  0.186731
0.100035  0.122633
0.105946  0.096726
0.151414  0.087872
0.211674  0.128811
0.228649  0.184797
0.347253  0.135248
0.394130  0.150401
0.259520  0.114741
0.286898  0.075701
0.453498  0.054519
0.410076  0.066977
0.477952  0.102308
0.447548  0.117056
0.310322  0.122236
0.395043  0.111378
0.332625  0.108755
0.297924  0.156351
0.318708  0.178304
0.397114  0.117996
0.352054  0.134197
0.220269  0.149869
0.264409  0.127129
0.295378  0.088065
0.183630  0.132113
0.151108  0.132711
0.157084  0.089809
0.177470  0.112280
0.286012  0.129831
0.276036  0.116315
0.246861  0.091735
0.379054  0.124899
0.237262  0.087441
0.343775  0.082132
0.437823  0.120867
0.321611  0.081114
0.228863  0.127134
0.320429  0.093232
0.310245  0.142993
0.194500  0.093815
0.306366  0.152148
0.250442  0.142228
0.323904  0.102109
0.391121  0.108294
0.264069  0.111833
0.397563  0.131844
0.349681  0.114051
0.245373  0.161990
0.275553  0.141311
0.337664  0.124319
0.397748  0.117350
0.338913  0.183188
0.255950  0.138546
0.155794  0.157074
0.241964  0.142270
0.370879  0.142356
0.234620  0.160643
0.377961  0.125038
0.292251  0.117769
0.181818  0.114344
0.173894  0.134340
0.127518  0.136646
0.118489  0.149266
0.193795  0.124015
0.219671  0.152633
0.333427  0.151290
0.445467  0.156086
0.308607  0.165659
0.198251  0.107086
0.238889  0.113089
0.211673  0.110395
0.140530  0.116680
