0.090950  0.136869
0.149664  0.159762
0.166569  0.138942
0.188722  0.128208
0.240002  0.148079
0.360504  0.145092
0.338613  0.175226
0.218705  0.205244
0.142147  0.229103
0.128968  0.164032
0.096782  0.138901
0.088889  0.169730
0.058010  0.119760
0.038261  0.086024
0.038152  0.120658
0.047189  0.144718
0.040341  0.119649
0.048535  0.150835
0.032497  0.123072
0.034146  0.120528
0.044946  0.110357
0.033747  0.121114
0.034852  0.176704
0.041506  0.153293
0.041243  0.140113
0.033786  0.158252
0.020973  0.136045
0.015480  0.084081
0.011875  0.110876
0.013529  0.125817
0.016973  0.197626
0.019510  0.146603
0.024849  0.094181
0.034759  0.126274
0.048429  0.082571
0.072727  0.097070
0.060187  0.141224
0.054499  0.130389
0.067248  0.117558
0.098297  0.118890
0.096125  0.149333
0.086942  0.107317
0.076010  0.156062
0.124225  0.162550
0.164877  0.101334
0.117092  0.088500
0.100205  0.101318
0.128904  0.096818
0.169148  0.088650
0.209807  0.108527
0.270379  0.124686
0.265787  0.163718
0.412744  0.176975
0.586415  0.113856
0.448805  0.124279
0.403332  0.118459
0.635496  0.139065
0.912321  0.185173
0.810421  0.162765
0.888848  0.099183
0.838428  0.143355
0.595601  0.189109
0.678730  0.129159
0.484783  0.120652
0.478945  0.121144
0.310994  0.135156
0.351395  0.098268
0.300129  0.097950
0.259018  0.139088
0.234327  0.143890
0.216545  0.155462
0.195306  0.149338
0.225961  0.112184
0.196668  0.168670
0.307301  0.122496
0.440956  0.173566
0.299089  0.162464
0.258806  0.154761
0.319172  0.098387
0.391238  0.091092
0.421075  0.088599
0.435768  0.074934
0.537875  0.061637
0.469412  0.098389
0.336671  0.136822
0.232106  0.142187
0.266050  0.129271
0.268982  0.098685
0.435236  0.143679
0.499940  0.103778
0.564877  0.101349
0.549539  0.096003
0.489954  0.116653
0.314500  0.138184
0.225524  0.090290
0.337577  0.068286
0.370929  0.106812
0.402138  0.144065
0.322329  0.175653
0.252201  0.171451
0.362508  0.206128
0.358300  0.148331
0.228409  0.208419
0.216140  0.130809
0.311510  0.147313
0.253640  0.180602
0.324792  0.160639
0.272753  0.098549
0.435316  0.141678
0.370254  0.092970
0.508736  0.122549
