0.001020  12829.047122
0.001036  14163.188119
0.000813  11464.600853
0.000494  9405.715537
0.000374  8481.118709
0.000377  8331.265092
0.000350  9538.525229
0.000275  10477.377665
0.000271  10320.584872
0.000209  10043.172860
0.000175  11404.119089
0.000147  11613.643472
0.000090  11266.288151
0.000085  8803.160393
0.000110  8440.314166
0.000086  7313.772563
0.000106  6399.401073
0.000067  7254.393350
0.000066  7249.955157
0.000054  6277.302644
0.000050  5237.208330
0.000061  5329.084776
0.000087  5192.503663
0.000085  4851.841290
0.000067  3862.328561
0.000087  3818.262906
0.000091  3458.901778
0.000099  3022.937143
0.000097  3303.154543
0.000094  3665.536316
0.000093  4078.064396
0.000090  4731.227355
0.000078  5070.831647
0.000073  6036.355932
0.000078  6740.086493
0.000104  8200.664043
0.000087  7696.747433
0.000064  7855.924415
0.000087  6210.058584
0.000066  6054.220984
0.000070  5581.733002
0.000081  4983.184327
0.000102  4152.745239
0.000069  4064.980357
0.000070  3896.369613
0.000097  3510.572305
0.000086  3156.207352
0.000096  3583.140728
0.000078  3757.717192
0.000100  3490.287415
0.000076  3006.014537
0.000097  2718.160270
0.000094  2179.019937
0.000093  2547.562805
0.000068  3144.359138
0.000080  3302.699468
0.000076  3096.885496
0.000078  3795.725967
0.000104  3056.660463
0.000084  3306.277252
0.000086  3128.496944
0.000094  3706.108935
0.000089  3162.015384
0.000094  3314.124988
0.000094  2703.994100
0.000069  2581.471354
0.000080  2349.320246
0.000077  2698.591915
0.000058  2699.192284
0.000077  2982.198377
0.000072  2512.189028
0.000078  3170.696980
0.000092  3063.461529
0.000078  2445.432307
0.000087  2103.937622
0.000076  2420.871914
0.000082  2085.788403
0.000076  1860.252720
0.000102  2290.718134
0.000092  2615.610694
0.000092  2497.325611
0.000078  3108.648270
0.000093  2482.168409
0.000078  2627.742504
0.000076  2299.208478
0.000081  1847.952747
0.000091  1491.934268
0.000087  1348.639333
0.000075  1573.600792
0.000091  1256.254369
0.000111  1202.989348
0.000084  1132.817090
0.000079  1167.523076
0.000100  942.801106
0.000090  1071.807385
0.000085  1033.254732
0.000093  828.310925
0.000096  925.781275
0.000085  931.845407
0.000092  1160.174598
0.000084  1329.539999
0.000097  1375.962876
0.000088  1208.724587
0.000100  1237.787658
0.000091  1245.712997
0.000096  1190.835886
