0.001398  7819.959739
0.000965  9804.717255
0.000887  9202.175372
0.000751  9212.109882
0.000668  11280.327916
0.000481  9786.348772
0.000394  8230.902708
0.000294  8953.230370
0.000285  9434.118339
0.000199  10942.033691
0.000131  9278.082150
0.000083  10404.486215
0.000083  11595.988810
0.000095  14162.170390
0.000087  11042.051964
0.000068  11828.338400
0.000081  14794.828286
0.000091  13912.838530
0.000099  14936.335830
0.000083  14878.764623
0.000059  14656.181622
0.000075  12421.127509
0.000065  14511.072813
0.000075  12824.882354
0.000063  10215.470951
0.000067  12652.280885
0.000073  11994.414860
0.000050  14258.206309
0.000068  14824.234495
0.000063  14059.013781
0.000065  14405.512145
0.000071  16441.642442
0.000078  17577.723124
0.000062  14184.967321
0.000057  11162.264114
0.000051  8745.874053
0.000059  7724.815261
0.000055  6427.023822
0.000044  5817.955547
0.000043  5969.958289
0.000053  5262.683024
0.000060  5993.859930
0.000052  6694.362632
0.000039  7427.762687
0.000052  6833.822257
0.000038  6704.422484
0.000048  6850.124445
0.000042  7243.100115
0.000038  9243.090594
0.000042  7357.272691
0.000041  8285.959744
0.000038  9346.384598
0.000039  8510.231874
0.000049  7170.264209
0.000049  6183.808836
0.000042  4956.057698
0.000039  4437.812137
0.000037  4121.960833
0.000044  5158.419636
0.000055  4544.063191
0.000066  5284.925719
0.000052  4878.232957
0.000043  4501.916695
0.000050  4048.173095
0.000058  4239.732169
0.000054  4582.261310
0.000061  4845.314889
0.000084  5020.198792
0.000053  3995.520259
0.000056  3624.983045
0.000078  4012.455602
0.000075  3814.957760
0.000067  3638.498291
0.000053  3322.446922
0.000053  4083.672355
0.000067  3327.209597
0.000051  2722.108569
0.000060  2582.216795
0.000052  2370.570789
0.000058  2135.476353
0.000069  2526.981574
0.000071  2043.619720
0.000072  2522.779975
0.000070  2461.806292
0.000059  2419.733436
0.000065  2459.636237
0.000049  2788.428913
0.000057  2396.404602
0.000056  2528.775434
0.000059  2860.656953
0.000055  3071.755798
0.000060  2431.614225
0.000063  2429.541051
0.000061  2173.232556
0.000064  2612.336226
