0.096125  0.122294
0.148441  0.079423
0.096725  0.087856
0.076900  0.078146
0.091292  0.073961
0.064027  0.045775
0.099957  0.067669
0.063375  0.075334
0.052980  0.077019
0.034125  0.119860
0.037670  0.197073
0.057218  0.204070
0.071431  0.293759
0.072081  0.217223
0.058232  0.182884
0.061127  0.249957
0.089627  0.349876
0.145595  0.344612
0.230006  0.394168
0.377636  0.244011
0.342083  0.266738
0.448062  0.174634
0.649261  0.152305
0.766714  0.181318
0.534873  0.295268
0.416215  0.260067
0.326093  0.348459
0.264781  0.237413
0.367275  0.159539
0.342778  0.182675
0.317619  0.300956
0.332298  0.321171
0.203349  0.254426
0.296317  0.251331
0.463557  0.309583
0.437506  0.228032
0.268426  0.250293
0.386009  0.374448
0.463818  0.274464
0.342543  0.167858
0.485371  0.247361
0.359753  0.234700
0.220835  0.261342
0.299235  0.256854
0.300977  0.283406
0.216109  0.403109
0.239887  0.326226
0.361132  0.257777
0.493508  0.236006
0.634313  0.253474
0.385013  0.190380
0.540544  0.187261
0.411247  0.222139
0.530825  0.242425
0.663264  0.237662
0.502658  0.284272
0.497358  0.281945
0.548663  0.219367
0.345187  0.247708
0.463099  0.224092
0.524221  0.287239
0.430820  0.296941
0.545402  0.226353
0.495552  0.166183
0.712033  0.271024
0.482048  0.236600
0.398013  0.152204
0.295587  0.211503
0.428286  0.163236
0.458649  0.266530
0.448184  0.258749
0.465790  0.358050
0.730591  0.343208
0.881634  0.293200
0.804443  0.236016
