0.086210  0.092507
0.066617  0.098159
0.091701  0.089581
0.057556  0.080460
0.064503  0.077632
0.039994  0.049356
0.025063  0.061471
0.036838  0.049385
0.030074  0.047441
0.026699  0.071935
0.018293  0.090378
0.017334  0.146726
0.027916  0.158799
0.035580  0.237201
0.049194  0.297856
0.060108  0.275807
0.074987  0.377899
0.093985  0.372060
0.126340  0.459995
0.167033  0.318183
0.171690  0.198538
0.206944  0.121063
0.254548  0.155934
0.190879  0.234250
0.286585  0.203848
0.416769  0.176301
0.473082  0.221161
0.710044  0.255662
0.449547  0.216008
0.483085  0.150637
0.645261  0.221240
0.636874  0.192732
0.568940  0.201499
0.419302  0.248540
0.503455  0.294909
0.783324  0.366528
1.225768  0.240449
0.804036  0.182164
0.916551  0.249768
0.969372  0.210764
1.011218  0.300689
0.758457  0.215501
0.668914  0.302129
0.596264  0.211512
0.722564  0.209095
0.457112  0.181978
0.677276  0.128065
0.412330  0.084539
0.527022  0.114068
0.321361  0.162087
0.206260  0.131208
0.187481  0.177536
0.259360  0.192579
0.287627  0.197988
0.223681  0.178253
0.363147  0.140168
0.379358  0.159915
0.588458  0.216054
0.819803  0.185822
0.515639  0.120875
0.462464  0.146912
0.567260  0.205255
0.539178  0.191521
0.523714  0.154963
0.490977  0.244075
0.617591  0.211502
0.657138  0.137734
0.744731  0.209217
0.475674  0.148927
0.477398  0.167324
0.625300  0.137247
0.645289  0.154675
0.403309  0.216942
0.443394  0.135115
0.477867  0.144416
0.333603  0.138256
0.256642  0.156747
0.281323  0.162099
0.345161  0.135678
0.482475  0.209478
0.509232  0.154157
0.581997  0.193130
0.863070  0.294416
0.603004  0.241845
0.656448  0.385533
0.524822  0.313450
0.568062  0.238426
0.625886  0.256725
0.400023  0.260410
0.351528  0.203965
0.553776  0.138784
0.714853  0.132144
0.570541  0.164203
0.436628  0.227502
