0.000614  11794.156182
0.000553  9408.683100
0.000519  9659.435874
0.000479  8520.684707
0.000395  7246.935504
0.000301  5911.820530
0.000200  6547.148702
0.000159  6154.657634
0.000139  5659.419289
0.000107  4585.654838
0.000080  5384.974463
0.000085  4581.513552
0.000056  5134.630859
0.000053  5478.420934
0.000068  4771.239138
0.000057  4487.332181
0.000057  4615.423524
0.000051  3755.358924
0.000040  3289.080187
0.000051  2742.806383
0.000060  2884.787687
0.000071  2375.765976
0.000060  2883.920760
0.000041  2632.600082
0.000047  3019.216619
0.000063  3581.033293
0.000049  2975.905826
0.000045  3752.792016
0.000066  4138.369954
0.000066  4866.991990
0.000053  3973.409696
0.000046  4321.580101
0.000059  3858.241321
0.000055  4543.900202
0.000051  3730.956190
0.000052  3242.465465
0.000058  3249.799422
0.000044  2648.851270
0.000043  3296.821660
0.000067  2780.257609
0.000044  3260.424702
0.000061  3191.021534
0.000062  3574.430010
0.000057  3481.844937
0.000051  4008.332283
0.000045  3412.109304
0.000057  4042.120885
0.000060  3268.895224
0.000046  3429.207399
0.000053  3196.631607
0.000047  3274.971580
0.000059  2648.046742
0.000067  2348.090663
0.000053  1859.743587
0.000047  1954.208809
0.000044  2098.319900
0.000038  2000.881490
0.000050  2499.230620
0.000070  2783.218774
0.000052  2592.815169
0.000053  3160.434264
0.000053  2830.260503
0.000052  3031.207757
0.000066  2601.452973
0.000046  2578.055057
0.000060  2196.791019
0.000063  1980.230246
0.000056  1850.728705
0.000060  1954.399097
0.000060  2367.758352
0.000057  2349.405450
0.000046  2454.180656
0.000049  2360.199935
0.000050  2888.841212
0.000055  2369.750157
