0.153663  0.072970
0.159008  0.066427
0.119564  0.045432
0.106381  0.034947
0.069296  0.021367
0.070822  0.014151
0.043899  0.011206
0.057698  0.006948
0.067349  0.005678
0.082337  0.005818
0.062646  0.005515
0.099998  0.004309
0.143785  0.005957
0.225035  0.007113
0.223572  0.007264
0.307281  0.006445
0.212950  0.008231
0.342689  0.011178
0.563905  0.016722
0.380360  0.022479
0.405810  0.022268
0.300108  0.025466
0.391896  0.039016
0.506308  0.046896
0.476721  0.070100
0.336001  0.108354
0.487087  0.085529
0.395787  0.114620
0.412113  0.084880
0.324654  0.069007
0.483134  0.054958
0.480882  0.073783
0.529652  0.047692
0.414508  0.068806
0.541441  0.087190
0.495861  0.060542
0.671204  0.061613
0.550826  0.072794
0.659847  0.115785
0.598253  0.144410
0.503866  0.187169
0.374532  0.222475
0.557584  0.244974
0.687731  0.173943
0.678722  0.238108
0.440349  0.231688
0.394216  0.200638
0.373587  0.242655
0.508715  0.347103
0.644747  0.337596
0.778895  0.246054
0.845537  0.237185
0.700361  0.238331
0.478075  0.247784
0.409923  0.230090
0.450545  0.356605
0.560808  0.331852
0.762802  0.382654
0.623434  0.272608
0.603526  0.255814
0.468533  0.185277
0.326444  0.185347
0.462781  0.227746
0.327358  0.259432
0.425232  0.367977
0.325814  0.321836
0.428333  0.207285
0.400453  0.156636
0.468877  0.157018
0.623811  0.233095
0.388162  0.163359
0.474393  0.125439
0.368232  0.184377
0.403391  0.281216
0.491437  0.175986
0.582568  0.185120
0.593779  0.281655
0.818636  0.206944
0.548067  0.211767
0.420109  0.285180
0.484695  0.178667
0.387664  0.161146
0.491028  0.210268
0.460870  0.179986
0.614443  0.226270
0.443576  0.153741
0.699573  0.225334
0.870312  0.214651
0.685202  0.243919
0.715390  0.315452
0.754673  0.210545
0.530576  0.168654
0.711707  0.191925
0.461170  0.197087
0.453081  0.215073
