0.000894  7834.032229
0.000852  8082.360137
0.000521  8566.769777
0.000504  8854.618530
0.000455  9076.756095
0.000344  7809.147843
0.000277  7560.528321
0.000256  7131.602679
0.000159  6796.332831
0.000099  6751.189525
0.000096  5535.911837
0.000112  4469.158526
0.000096  4897.953456
0.000072  4782.431190
0.000076  5567.108200
0.000062  6555.735550
0.000061  7346.286413
0.000046  7142.166613
0.000060  6809.566293
0.000047  7723.053855
0.000059  8562.806993
0.000086  7821.458425
0.000054  7815.700231
0.000062  7847.585878
0.000063  6241.399453
0.000065  7841.334420
0.000042  7129.798808
0.000050  6024.831474
0.000053  6022.936309
0.000051  7708.541693
0.000042  9115.613201
0.000045  9736.261777
0.000047  8515.141121
0.000036  8522.623015
0.000048  7752.500228
0.000030  6635.748742
0.000033  5651.427324
0.000034  6156.308193
0.000035  5251.108652
0.000044  4506.858613
0.000029  4606.466346
0.000047  3737.543215
0.000035  3158.430047
0.000043  3905.509164
0.000048  3922.164150
0.000052  3644.465584
0.000057  3432.141373
0.000046  3734.514003
0.000054  4621.942888
0.000061  4378.701537
0.000063  4894.515179
0.000053  4433.571935
0.000054  4005.749812
0.000052  4894.816247
0.000063  4670.267178
0.000064  4256.609788
0.000042  3810.005033
0.000046  4349.601159
0.000040  3900.090327
0.000054  4464.596240
0.000047  3560.920452
0.000038  3367.474564
0.000052  2818.728004
0.000041  2379.431988
0.000055  2760.334840
0.000051  2164.663261
0.000060  2621.948860
0.000043  3025.791291
0.000054  2401.588645
0.000056  2858.536913
0.000048  2659.156429
0.000050  2590.261027
0.000050  2491.073100
0.000073  3169.150654
0.000048  3389.810947
0.000052  3536.250468
0.000053  2985.089249
0.000064  2484.201034
0.000058  3096.155176
0.000055  3094.275854
0.000057  2686.531200
0.000053  2544.316181
0.000049  3188.150654
0.000048  2529.791501
0.000033  3216.741700
0.000044  4023.872120
0.000043  3672.118746
0.000042  3087.354798
0.000055  3214.703018
0.000066  2760.940829
0.000066  2438.970363
0.000056  3026.296536
0.000039  3075.499664
0.000046  2588.083618
