0.001205  12806.340150
0.000775  11133.328756
0.000731  11155.986205
0.000756  11127.024832
0.000680  10286.070095
0.000631  11363.728545
0.000608  8874.941489
0.000566  8013.937114
0.000506  8198.372224
0.000518  7153.867176
0.000374  6220.142430
0.000349  5722.158010
0.000322  6142.232666
0.000270  5375.087257
0.000249  5965.932821
0.000214  6508.401766
0.000225  5769.316084
0.000139  7345.047505
0.000091  6392.604552
0.000055  5005.356429
0.000091  6331.009172
0.000104  5081.848687
0.000069  5860.939768
0.000056  4976.947808
0.000051  4373.708518
0.000050  5084.182574
0.000080  4059.578800
0.000075  3298.274143
0.000052  3649.925079
0.000053  2989.618142
0.000063  2394.041632
0.000069  2604.090066
0.000042  3054.594855
0.000033  2802.968807
0.000049  2302.263926
0.000043  2083.154804
0.000030  2363.154121
0.000028  2130.440251
0.000038  2673.048742
0.000037  2830.307717
0.000033  2460.305627
0.000027  2157.787031
0.000040  1814.553820
0.000034  2023.036845
0.000034  1790.106102
0.000051  1758.070472
0.000054  1441.196364
0.000043  1374.006469
0.000049  1155.800944
0.000053  1337.905498
0.000057  1153.482927
0.000050  1342.479511
0.000042  1523.255412
0.000046  1219.527464
0.000044  996.706258
0.000054  1002.236513
0.000043  1189.715984
0.000041  1010.264431
0.000037  1147.112338
0.000034  1344.030195
0.000038  1387.575203
0.000054  1579.943312
0.000052  1301.269138
0.000046  1170.180553
0.000045  1200.355168
0.000038  1425.428761
0.000042  1129.031102
0.000047  1365.244816
0.000059  1725.559797
0.000040  1951.698793
0.000047  1557.924935
0.000040  1919.493263
0.000045  1582.008162
0.000040  1248.302719
0.000043  1392.476978
0.000045  1552.535019
0.000045  1779.722184
0.000051  1980.072492
0.000041  1769.437662
0.000047  1450.090256
0.000043  1648.882355
0.000056  1890.984713
0.000049  2039.214729
0.000046  1809.833791
0.000046  1718.000167
0.000047  1816.547252
0.000039  1563.385716
0.000046  1359.088264
0.000045  1186.771264
0.000056  1433.334268
0.000048  1493.794996
0.000058  1632.685555
0.000046  2013.522811
0.000059  1842.054403
0.000042  1615.188378
0.000049  1630.879550
0.000047  1592.384178
0.000039  1854.730125
0.000048  1718.036124
0.000043  1736.934257
0.000042  1630.962879
0.000049  1612.652412
0.000051  2048.860088
0.000034  1867.586797
0.000047  1849.771493
0.000041  1585.751951
0.000044  1712.926135
0.000037  1345.213182
0.000038  1561.987525
