0.000753  12057.255074
0.000503  10630.501795
0.000306  8782.065318
0.000232  10150.995405
0.000151  9328.317007
0.000100  10459.734277
0.000095  12774.448265
0.000059  13921.348014
0.000073  14281.626563
0.000060  17933.258253
0.000058  15294.420596
0.000070  14096.311734
0.000049  11691.702547
0.000046  12133.544068
0.000039  10256.830075
0.000042  9055.582620
0.000053  9957.276509
0.000050  9282.247400
0.000039  8777.883882
0.000036  9024.419333
0.000040  10268.586371
0.000036  9547.179129
0.000053  8991.182586
0.000047  7553.516833
0.000068  6420.966707
0.000055  5652.664385
0.000044  4933.508259
0.000050  5159.198219
0.000048  5418.553761
0.000047  4502.332423
0.000067  4571.118897
0.000052  3825.667020
0.000044  4867.032667
0.000037  3793.773050
0.000036  3341.846643
0.000034  2965.330365
0.000049  2683.668836
0.000038  3397.307413
0.000046  3866.166826
0.000045  4881.888926
0.000048  5991.364367
0.000044  4833.691203
0.000043  4176.196028
0.000043  3327.107664
0.000060  2622.212528
0.000054  2132.067357
0.000035  1741.314448
0.000044  1893.781321
0.000065  1793.313845
0.000053  1710.581750
0.000049  1759.176510
0.000071  1425.121960
0.000069  1487.138191
0.000068  1750.937395
0.000053  1905.105181
0.000054  1544.942908
0.000058  1442.529139
0.000055  1482.416337
0.000051  1726.033851
0.000050  1429.094329
0.000041  1341.143397
0.000050  1482.436468
0.000047  1173.543451
0.000055  1284.870410
0.000055  1253.871340
0.000049  1488.156400
0.000052  1279.913679
0.000047  1362.732950
0.000054  1306.305556
0.000047  1551.006965
0.000054  1363.003173
0.000053  1524.905660
0.000051  1544.986240
0.000062  1205.070832
0.000066  1335.534305
0.000050  1371.402642
0.000053  1267.491315
0.000053  1407.707997
0.000039  1792.214170
0.000047  1627.149446
0.000043  1816.506096
0.000051  1734.870864
0.000045  1720.206339
0.000042  1368.350147
0.000052  1661.903043
0.000044  1878.507558
0.000038  1712.257254
0.000042  1877.707481
0.000039  2004.311275
0.000032  1598.477205
0.000035  1730.512924
0.000042  1600.700441
0.000040  1510.473506
0.000037  1257.716867
0.000036  1387.910172
0.000040  1304.948082
0.000041  1656.503830
0.000042  1429.288292
0.000034  1422.205660
0.000044  1545.588640
0.000040  1295.962185
0.000053  1151.423916
0.000053  1243.030499
0.000052  1501.713722
0.000052  1848.759377
0.000047  1680.836056
0.000050  1333.135843
0.000049  1238.220801
0.000051  1419.024985
0.000048  1372.221453
0.000048  1237.724115
0.000049  1359.211348
0.000047  1436.161311
0.000052  1347.420615
0.000048  1302.260765
0.000050  1026.887828
0.000033  1157.917767
0.000048  1201.462534
0.000042  1093.717674
0.000040  1379.838385
0.000047  1176.806749
0.000046  1314.986079
0.000045  1146.586030
0.000042  1353.288166
0.000043  1277.852930
0.000043  1554.660722
0.000051  1414.350381
0.000050  1112.860131
0.000047  1372.258976
