0.071241  0.126824
0.063962  0.095007
0.101411  0.061860
0.099617  0.060434
0.069485  0.093952
0.059309  0.086904
0.070305  0.072817
0.103248  0.052525
0.070981  0.035221
0.077551  0.036274
0.049128  0.040397
0.056741  0.041214
0.069587  0.059966
0.101270  0.095387
0.071581  0.110442
0.063856  0.118094
0.061752  0.167982
0.092646  0.209766
0.075389  0.239103
0.052701  0.184921
0.050648  0.215595
0.067324  0.131553
0.072784  0.165923
0.115116  0.170584
0.138052  0.117974
0.178599  0.100794
0.149306  0.101182
0.237547  0.100610
0.383794  0.111029
0.344821  0.071591
0.252588  0.109689
0.236855  0.130857
0.321498  0.181520
0.476046  0.130970
0.353867  0.116875
0.269188  0.121845
0.287343  0.178317
0.267972  0.145195
0.394151  0.139546
0.283738  0.161871
0.353860  0.264407
0.567154  0.189408
0.915257  0.182953
0.654020  0.138388
0.908399  0.135677
0.641443  0.170260
0.605674  0.173633
0.453211  0.111769
0.395309  0.146896
0.641070  0.118178
0.493217  0.097603
0.340582  0.153044
0.515693  0.161028
0.512042  0.134845
0.514616  0.195954
0.462297  0.230448
0.362426  0.204588
0.244820  0.161852
0.167901  0.207526
0.239221  0.195702
0.362713  0.123163
0.534772  0.108877
0.642400  0.168708
0.536066  0.179271
0.662857  0.193284
0.742365  0.142938
0.536007  0.111427
0.485100  0.136347
0.383948  0.167430
0.351329  0.256973
0.421956  0.248431
0.356086  0.163615
0.413581  0.156376
0.628747  0.237746
0.617119  0.154294
0.386267  0.140257
0.410923  0.151686
0.283255  0.136066
0.429053  0.203603
0.409580  0.130684
0.547024  0.187937
0.632157  0.153290
0.505771  0.174256
0.362684  0.162827
0.409829  0.216579
0.292697  0.226133
0.322921  0.144254
0.295872  0.153860
0.487294  0.190495
0.381178  0.182672
0.343126  0.193227
0.299115  0.127262
0.247903  0.208474
0.359685  0.168819
0.268462  0.227556
0.344217  0.147022
