0.000857  12168.078939
0.000800  11377.018268
0.000600  12740.137471
0.000530  15739.229229
0.000391  18613.147792
0.000259  19534.561258
0.000195  23886.391580
0.000151  25901.186327
0.000129  21814.248417
0.000110  23868.370223
0.000075  22884.935553
0.000071  22419.042230
0.000073  22980.455930
0.000087  22615.931305
0.000103  18052.437280
0.000071  18337.213316
0.000106  15012.922849
0.000099  12611.419615
0.000063  11196.203965
0.000077  9253.071539
0.000080  7595.942670
0.000098  6091.036396
0.000073  6407.811543
0.000076  7036.289099
0.000072  5778.224121
0.000058  7369.028597
0.000059  5978.228061
0.000065  5157.452086
0.000053  4550.507004
0.000073  3983.625585
0.000070  3351.221363
0.000069  3348.471388
0.000059  3960.467945
0.000088  3133.910105
0.000071  2787.409266
0.000086  2364.348733
0.000064  1849.078645
0.000076  1551.462605
0.000062  1232.429294
0.000079  1506.275292
0.000074  1857.518361
0.000076  1561.240334
0.000080  1235.069907
0.000072  1044.354528
0.000066  1338.637925
0.000068  1328.272702
0.000064  1135.747213
0.000075  1009.701506
0.000073  1243.594023
0.000078  1222.617835
0.000076  999.717618
0.000079  1202.868640
0.000075  1137.417699
0.000086  1049.211574
0.000085  937.463218
0.000075  754.249830
0.000086  587.538601
0.000065  610.724858
0.000085  655.167202
0.000064  785.226948
0.000081  851.911534
0.000090  756.647571
0.000091  821.257316
0.000076  961.068178
0.000090  873.831217
0.000058  998.749801
0.000072  1011.723073
0.000067  1136.461990
0.000071  1121.666185
0.000073  1244.275763
0.000076  973.209417
0.000082  1003.296063
0.000067  879.136596
0.000071  1049.840416
0.000098  1057.836138
0.000078  1184.167040
0.000077  1047.856870
0.000074  1043.439500
0.000067  1092.505630
0.000068  1261.962559
0.000066  1049.793244
0.000072  963.192126
0.000077  847.664181
0.000083  988.603824
0.000062  1194.780056
0.000092  1327.466726
0.000084  1292.702507
0.000067  1487.786670
0.000057  1522.937187
0.000070  1601.080791
0.000072  1251.229431
0.000072  1394.035607
