0.071274  0.069928
0.053459  0.059017
0.083554  0.042947
0.090174  0.038241
0.070418  0.062112
0.081678  0.093174
0.077809  0.071368
0.087789  0.109971
0.125367  0.070828
0.107586  0.082071
0.114244  0.091169
0.151533  0.140106
0.232955  0.176251
0.299894  0.190592
0.326503  0.215027
0.234271  0.138251
0.337859  0.091262
0.412853  0.113508
0.341511  0.078853
0.403271  0.114767
0.343511  0.084405
0.363021  0.125545
0.335450  0.185966
0.303170  0.140124
0.206428  0.125917
0.292547  0.169570
0.202883  0.146865
0.333052  0.101243
0.270745  0.090248
0.229805  0.113433
0.281850  0.141603
0.299599  0.158718
0.444679  0.203636
0.414041  0.150253
0.543750  0.196260
0.849552  0.165036
1.316870  0.186572
0.890709  0.154516
0.681216  0.109661
1.054871  0.123943
0.790080  0.145804
0.506616  0.144684
0.593203  0.123248
0.478909  0.197519
0.365135  0.161161
0.380397  0.158478
0.319333  0.127214
0.307330  0.139575
0.440177  0.108356
0.362657  0.164700
0.369895  0.151387
0.431151  0.155916
0.620076  0.105244
0.856639  0.095040
0.555175  0.130799
0.642223  0.150115
0.867972  0.102577
0.624785  0.165863
0.524873  0.127511
0.358976  0.139575
0.385957  0.155758
0.356450  0.124556
0.545939  0.148108
0.632221  0.116560
0.723459  0.187746
0.776469  0.145033
0.684169  0.142250
0.609948  0.187518
0.652478  0.141384
1.047288  0.147344
0.888880  0.177063
0.589546  0.145806
0.736127  0.088722
0.476245  0.105182
0.490849  0.157810
0.544888  0.174163
0.396452  0.158469
0.428104  0.104708
0.411004  0.117509
0.654481  0.148723
0.411981  0.173257
0.442190  0.181554
0.709144  0.126721
0.787301  0.122752
0.508111  0.106719
0.393590  0.127784
