0.159993  0.144126
0.105607  0.091058
0.162818  0.091371
0.127254  0.087172
0.198635  0.069424
0.235405  0.048886
0.286419  0.031599
0.233947  0.047414
0.149369  0.072938
0.126186  0.078919
0.144598  0.095094
0.149669  0.125659
0.169172  0.103671
0.137037  0.066905
0.167978  0.061380
0.201116  0.071600
0.230907  0.103117
0.151665  0.111485
0.095567  0.136445
0.122304  0.133660
0.167226  0.106490
0.272542  0.089688
0.392461  0.130999
0.500388  0.113689
0.793074  0.171439
1.045009  0.142189
1.383747  0.216034
1.180245  0.139196
1.334922  0.164149
1.326237  0.106024
0.961805  0.169853
1.219917  0.127232
0.889033  0.145815
0.918577  0.098201
0.968730  0.123971
0.628820  0.101320
0.888384  0.158415
0.599510  0.117183
0.639375  0.127611
0.764736  0.117325
0.466584  0.143977
0.716298  0.119929
0.725476  0.093027
0.627706  0.104921
0.841809  0.168095
0.528101  0.118516
0.544458  0.158504
0.644839  0.096862
0.397141  0.122869
0.493376  0.117391
0.565258  0.118415
0.370915  0.094475
0.281581  0.150809
0.452803  0.174387
0.428665  0.106277
0.396637  0.135375
0.541263  0.135550
0.655165  0.164241
0.586150  0.107856
0.496846  0.177565
0.383140  0.137765
0.521178  0.106896
0.372808  0.123483
0.484912  0.120330
0.326402  0.115410
0.350029  0.146446
0.360635  0.101432
0.513791  0.160232
0.368397  0.188177
0.246171  0.188352
0.296466  0.161732
0.304149  0.143411
0.256768  0.191457
0.167936  0.150685
0.227057  0.186286
0.316241  0.138062
0.374238  0.119032
0.398523  0.164754
0.459560  0.150868
0.323080  0.146560
0.224426  0.142629
0.325640  0.124522
0.277815  0.101446
0.188358  0.123260
0.199968  0.155399
0.288070  0.130667
0.356666  0.131606
0.460443  0.182355
0.324926  0.203627
0.373562  0.138881
0.349925  0.161662
0.386636  0.150236
