0.066549  0.064411
0.047074  0.039485
0.065161  0.034605
0.045059  0.028665
0.054111  0.020715
0.051027  0.018603
0.046799  0.012513
0.044308  0.016342
0.045219  0.010084
0.030488  0.011019
0.027384  0.011547
0.042790  0.011618
0.069555  0.012769
0.051016  0.015185
0.055252  0.022210
0.085814  0.022118
0.119963  0.020607
0.150328  0.013065
0.221323  0.019688
0.362589  0.024235
0.299021  0.036588
0.291226  0.059573
0.465514  0.071044
0.641425  0.108550
0.653437  0.081129
0.636337  0.057202
0.994158  0.047666
1.167053  0.054402
1.176477  0.063016
1.427350  0.053800
2.054126  0.084766
2.479348  0.051813
3.337175  0.036835
4.821291  0.038275
4.119320  0.025314
4.326390  0.039512
4.722082  0.024555
4.582045  0.037828
4.695488  0.062048
3.489836  0.058873
4.071261  0.087195
2.606633  0.079076
1.999198  0.118970
2.911353  0.176932
4.476672  0.205691
4.706819  0.126501
3.427653  0.117612
4.015838  0.106536
4.437746  0.102316
6.056286  0.145387
4.703569  0.156761
4.572674  0.126503
2.885367  0.102543
3.227694  0.097343
5.079304  0.076522
4.238835  0.091683
2.839681  0.087813
3.531177  0.115363
3.067851  0.108492
4.173794  0.113188
6.454546  0.077685
5.214515  0.062219
4.427905  0.051261
4.783361  0.058055
4.645507  0.089563
4.010032  0.069063
3.536006  0.084304
3.627990  0.089181
4.106814  0.140152
3.831973  0.182542
3.871765  0.212328
3.099023  0.150540
2.337279  0.112893
3.371705  0.121189
4.326261  0.189053
3.166486  0.130349
3.057947  0.096433
2.707052  0.097895
3.013567  0.154024
3.889597  0.129720
3.189337  0.084866
3.636499  0.076852
3.574698  0.088291
3.896390  0.087602
3.631109  0.124093
2.605132  0.106931
3.282525  0.166177
3.452506  0.155839
3.246124  0.163718
2.028894  0.125629
3.191124  0.164610
2.986034  0.113096
3.062898  0.130901
1.924622  0.079879
1.640230  0.112277
1.937049  0.119323
2.891438  0.149075
3.151974  0.214452
2.281406  0.200147
3.489701  0.206257
2.473166  0.151442
2.811156  0.139074
1.776696  0.117152
1.913550  0.182547
2.864177  0.253392
1.842487  0.215108
1.920202  0.143841
2.801989  0.109056
2.156765  0.147286
2.459613  0.124774
