0.103164  0.085152
0.112787  0.083140
0.118046  0.051646
0.115338  0.033543
0.087585  0.052337
0.077167  0.049112
0.057178  0.044297
0.051189  0.042536
0.031831  0.025804
0.026584  0.017153
0.020086  0.027531
0.026807  0.019789
0.020718  0.032618
0.030475  0.046104
0.021509  0.054134
0.035188  0.059324
0.039878  0.065718
0.059808  0.059589
0.075881  0.063385
0.115522  0.100245
0.119581  0.068424
0.190496  0.071102
0.282050  0.072936
0.394561  0.060156
0.542696  0.056926
0.623153  0.066159
0.639218  0.049778
0.970445  0.041090
1.523306  0.030240
1.841425  0.021847
1.724606  0.023602
1.973271  0.032183
2.219523  0.032193
2.897937  0.025308
4.001750  0.036636
6.044783  0.027473
6.208252  0.033106
3.896467  0.035613
4.489659  0.040692
3.282834  0.065832
3.530142  0.082550
3.161666  0.128751
4.026260  0.097772
5.548030  0.112023
4.407829  0.124899
4.557262  0.128719
6.892049  0.183571
6.176346  0.129877
4.414830  0.186633
4.545691  0.124078
4.055618  0.112892
4.821346  0.157031
5.078855  0.110185
5.953431  0.174508
6.710251  0.267808
5.919031  0.277117
7.038343  0.224884
5.459046  0.250930
5.931512  0.209790
5.041931  0.259176
5.137839  0.162874
5.080287  0.180068
4.693740  0.169948
4.789581  0.219339
3.068859  0.186249
3.937621  0.163425
4.318379  0.200181
4.479237  0.146929
4.668503  0.171776
3.254884  0.134784
3.338713  0.114303
3.759594  0.126981
2.407418  0.111027
3.672785  0.077199
2.495109  0.099868
2.778976  0.136531
2.405602  0.200962
3.154439  0.165593
2.795880  0.236412
4.085459  0.192906
2.545427  0.131553
2.581660  0.198451
1.793234  0.146425
2.929217  0.102680
2.328300  0.150013
1.430887  0.214786
2.233738  0.149476
2.333250  0.219111
2.964257  0.268813
2.310020  0.169907
2.934762  0.165752
2.897365  0.163703
1.798697  0.146985
2.719665  0.172957
3.373271  0.150131
3.234357  0.185126
2.723248  0.181342
2.628885  0.137761
2.587365  0.224392
1.855235  0.157367
2.906898  0.104802
1.957261  0.101984
2.916889  0.125900
1.796149  0.149186
2.949677  0.132853
2.766455  0.144739
3.851399  0.198970
3.787161  0.173760
3.415015  0.184119
3.779345  0.180999
3.073047  0.181066
3.999046  0.118501
4.522373  0.176087
3.278723  0.123180
4.049511  0.170260
2.786168  0.142178
2.268625  0.151260
3.388598  0.130299
