0.113319  0.074927
0.102936  0.086690
0.137017  0.101136
0.090598  0.138095
0.067909  0.095083
0.056373  0.097267
0.062207  0.142143
0.082190  0.105237
0.052982  0.066064
0.049094  0.064424
0.068371  0.097388
0.112446  0.069015
0.165522  0.073996
0.245172  0.070133
0.302912  0.069002
0.420191  0.066146
0.370343  0.105979
0.338506  0.080583
0.316317  0.093536
0.279011  0.104076
0.371315  0.167435
0.395746  0.138294
0.589016  0.104388
0.783830  0.131271
1.170840  0.080883
0.718573  0.086692
0.969881  0.086250
1.165428  0.086051
1.537966  0.119921
1.472827  0.120873
1.296422  0.178836
1.653544  0.177515
2.523221  0.189096
1.646374  0.155199
2.538356  0.131407
3.067954  0.216146
2.121422  0.218119
2.007982  0.148675
1.246550  0.095762
1.443460  0.068633
1.300131  0.099950
2.083922  0.082375
3.029281  0.095038
2.048440  0.127598
1.761014  0.109422
1.332605  0.096547
1.204784  0.140405
1.514059  0.160452
2.060194  0.097946
2.859664  0.134648
3.298113  0.206291
3.076567  0.143251
2.716674  0.184030
1.914698  0.267224
2.707339  0.194033
3.452925  0.208255
2.643889  0.285014
3.773258  0.186888
2.756176  0.142258
1.944040  0.207296
1.525167  0.222600
1.179017  0.146948
1.736716  0.215890
1.321485  0.196532
1.520007  0.168355
2.187202  0.193208
2.086496  0.163764
2.423092  0.175315
1.721204  0.273534
1.124259  0.174760
1.597573  0.107597
1.389437  0.171619
1.503483  0.170174
2.126490  0.111992
2.343348  0.115434
1.869516  0.144881
1.630011  0.178558
1.873249  0.249268
1.472259  0.202102
1.539691  0.186545
1.179348  0.159371
1.136899  0.113849
1.595942  0.157932
1.307526  0.218237
1.483410  0.147954
1.326906  0.214536
1.984093  0.226324
1.219700  0.202689
1.543641  0.188714
1.598463  0.158766
1.243295  0.155103
1.640788  0.201090
1.560965  0.162946
1.916855  0.161923
1.481465  0.119534
1.770481  0.104411
1.342647  0.101353
1.297085  0.157149
1.399023  0.149250
1.589121  0.189788
0.981015  0.174750
1.529691  0.176003
1.991084  0.112324
1.868141  0.138385
1.584297  0.134970
