0.001359  8752.147635
0.000877  7244.238039
0.000667  5833.013675
0.000436  5935.944071
0.000381  4732.267635
0.000352  4464.488616
0.000217  3701.884461
0.000180  3198.749160
0.000177  4035.715138
0.000117  3507.753251
0.000099  2916.637426
0.000077  2531.677338
0.000072  2152.066270
0.000050  2076.200940
0.000049  1985.409578
0.000051  2207.856678
0.000065  2315.393466
0.000069  2883.618220
0.000059  3298.665753
0.000070  3781.122033
0.000059  4838.474098
0.000040  4681.204265
0.000053  5301.156578
0.000054  6028.405756
0.000049  5895.910242
0.000048  4828.721004
0.000065  4774.631879
0.000047  6068.095209
0.000045  6481.268862
0.000047  6084.416235
0.000048  6448.697149
0.000042  8180.404757
0.000042  10087.846315
0.000034  8087.616622
0.000035  7821.257533
0.000038  7542.006408
0.000029  6856.939104
0.000045  5445.967852
0.000055  6567.470332
0.000043  6615.891409
0.000054  5667.276695
0.000040  5574.298810
0.000043  5329.264997
0.000050  4877.095346
0.000058  4302.540090
0.000051  4404.375365
0.000038  3782.169350
0.000042  3469.046447
0.000045  2783.337230
0.000037  3308.887222
0.000034  2787.386319
0.000030  2750.266691
0.000031  2463.828669
0.000030  2416.478475
0.000029  2205.249853
0.000026  1718.095343
0.000028  1849.900254
0.000037  1659.524537
0.000035  1932.085396
0.000033  2275.422711
0.000026  1970.156236
0.000042  2264.233364
0.000037  2650.305544
0.000039  3079.934397
0.000049  2481.615388
0.000035  2466.641466
0.000028  2871.232728
0.000031  2956.546712
0.000035  2734.685831
0.000042  2253.870054
0.000031  2362.301530
0.000032  2052.404399
0.000031  1992.275106
0.000037  1637.715286
0.000026  1329.499145
0.000031  1472.215366
0.000036  1188.282521
0.000029  1197.348168
0.000034  1419.045857
0.000032  1588.738515
0.000036  1305.751508
0.000044  1118.260924
0.000043  1261.668641
0.000036  1429.096640
0.000044  1567.301046
0.000028  1668.912210
0.000030  1867.733393
0.000032  1563.654454
0.000037  1315.851792
0.000035  1551.094296
0.000043  1499.770740
0.000035  1754.311741
0.000034  1572.406688
0.000031  1823.819296
0.000034  1573.000180
0.000032  1772.215060
0.000031  1970.187763
0.000033  1822.262152
0.000043  1624.941103
0.000035  1453.664643
0.000033  1381.781219
0.000038  1763.642315
0.000034  1448.903726
0.000031  1387.777230
0.000032  1133.140400
