0.000756  7844.014701
0.000691  7806.662146
0.000619  8485.256553
0.000530  7821.049601
0.000441  7025.625496
0.000326  6475.397735
0.000231  8116.344104
0.000251  7576.092786
0.000274  7998.010751
0.000208  6770.083804
0.000137  5826.716140
0.000131  5624.894745
0.000189  5105.471951
0.000139  4309.708920
0.000166  5195.330949
0.000124  5072.823556
0.000132  5182.177263
0.000113  5265.680656
0.000083  4207.668116
0.000103  3553.722709
0.000087  3421.452264
0.000073  4147.828444
0.000082  4628.882450
0.000079  4298.404683
0.000096  5046.740872
0.000099  4414.771579
0.000104  4064.839631
0.000113  3475.095792
0.000089  4337.933636
0.000081  3875.655936
0.000079  3810.095339
0.000060  3037.252997
0.000056  2623.191063
0.000067  2911.012798
0.000063  2521.025972
0.000074  2603.235679
0.000071  2322.364974
0.000089  1993.038342
0.000087  2089.046850
0.000093  2203.456608
0.000076  1836.600093
0.000093  1569.165327
0.000067  1619.783554
0.000065  1490.307142
0.000055  1616.840873
0.000084  1889.556808
0.000071  1810.580632
0.000090  1940.623677
0.000077  1653.998352
0.000087  1588.989215
0.000093  1259.114233
0.000094  1131.666727
0.000063  1202.934294
0.000077  997.071280
0.000089  798.293035
0.000063  896.940598
0.000051  995.780978
0.000074  787.649570
0.000059  874.853534
0.000051  862.300985
0.000060  830.295175
0.000082  647.380819
0.000060  689.213615
0.000047  589.675175
0.000053  661.922954
0.000055  780.031257
0.000061  715.590139
0.000086  869.563811
0.000067  968.484151
0.000064  771.937698
0.000056  904.947999
0.000067  744.042644
0.000051  744.533133
0.000050  850.688685
0.000068  847.927232
0.000060  1001.569359
0.000052  922.557346
0.000067  914.881125
0.000063  1016.118214
0.000070  817.207869
0.000068  1037.683104
0.000055  1251.816145
0.000057  1457.119349
0.000054  1393.334237
0.000060  1171.294388
0.000054  1191.333809
0.000065  1123.716373
0.000061  1225.726183
0.000071  1082.207804
0.000071  1154.527554
0.000055  949.439565
0.000058  774.934920
0.000062  709.959138
0.000071  769.146517
0.000055  958.914170
0.000058  874.052405
0.000086  1094.522921
0.000062  854.622899
0.000069  755.470458
0.000057  651.121480
0.000064  822.571518
0.000050  802.031973
0.000057  642.396877
0.000063  529.481735
0.000068  529.791932
0.000049  599.530784
0.000075  658.877135
0.000049  618.609857
0.000060  657.582832
0.000051  513.635013
0.000052  564.334114
