0.116666  0.062188
0.092681  0.091657
0.100650  0.073826
0.070997  0.062561
0.050825  0.047649
0.035381  0.061908
0.021571  0.065104
0.027105  0.053913
0.029532  0.048076
0.029367  0.040393
0.046909  0.044276
0.044189  0.040743
0.049912  0.065326
0.075145  0.063733
0.077732  0.101857
0.119154  0.099765
0.122204  0.134256
0.144950  0.191901
0.138017  0.148904
0.135163  0.177171
0.132943  0.189520
0.165498  0.191598
0.175126  0.211091
0.149369  0.195462
0.216011  0.181801
0.304733  0.226009
0.457883  0.158261
0.442929  0.132505
0.678602  0.099967
0.849843  0.076128
1.069520  0.125464
1.619726  0.092916
1.817662  0.063765
1.157443  0.052102
1.700487  0.083742
1.085154  0.077243
1.095567  0.054906
1.240546  0.082401
1.013076  0.054410
0.624807  0.057401
0.528525  0.090007
0.544418  0.096273
0.765946  0.138697
1.042877  0.195438
0.634575  0.257233
0.414540  0.156627
0.630751  0.115354
0.476187  0.115967
0.596763  0.177273
0.544051  0.143315
0.554146  0.155369
0.581365  0.102149
0.629012  0.110737
0.562864  0.162690
0.594085  0.229561
0.872695  0.329889
1.013505  0.254878
0.718039  0.231891
0.718475  0.160733
0.606585  0.199423
0.439838  0.134363
0.504780  0.151384
0.728955  0.181057
0.596740  0.280053
0.759602  0.258310
0.560059  0.163796
0.784048  0.135021
0.718380  0.105221
0.541908  0.158604
0.367025  0.182587
0.454792  0.173360
0.535431  0.139250
0.693149  0.193641
0.763454  0.181677
0.607436  0.151801
0.626807  0.162840
0.387087  0.123492
0.311843  0.163040
0.399333  0.139082
0.608955  0.193006
0.740663  0.184412
0.659964  0.244364
0.760578  0.150400
0.523469  0.220783
0.731513  0.160680
0.476376  0.131926
0.552212  0.208859
0.368139  0.184145
0.399391  0.139895
0.519596  0.100442
0.853998  0.129164
0.760097  0.126819
0.499248  0.175094
0.406976  0.109725
0.386064  0.145278
0.366344  0.172933
0.290622  0.106601
0.337449  0.166114
0.412302  0.144813
0.411074  0.196651
0.596285  0.209323
0.519774  0.157275
0.508772  0.165329
0.572558  0.122395
0.406357  0.146737
0.450877  0.195529
0.274555  0.216212
0.371988  0.277842
0.456691  0.207449
0.509250  0.197536
0.477331  0.206264
