0.000783  12409.270857
0.000571  10680.574218
0.000499  8602.012092
0.000384  8572.400443
0.000253  8084.865476
0.000203  9601.976852
0.000158  10877.614518
0.000120  9433.800544
0.000091  8621.540635
0.000072  8185.174692
0.000085  7859.933920
0.000116  7675.100937
0.000150  7724.829176
0.000114  6589.888731
0.000109  5593.879157
0.000107  6440.473782
0.000100  6271.064691
0.000133  5991.327382
0.000084  5466.398302
0.000073  6103.501472
0.000091  5716.444849
0.000089  5953.667047
0.000057  5838.490417
0.000056  7200.805807
0.000065  6155.832939
0.000093  5267.752557
0.000094  5366.339073
0.000060  4929.197566
0.000071  4285.706004
0.000044  4068.063904
0.000055  3630.187791
0.000057  4429.693569
0.000042  4202.106389
0.000047  5098.358663
0.000076  5238.312968
0.000070  4479.439848
0.000070  3992.976454
0.000089  4756.419478
0.000058  4024.274350
0.000074  4152.005739
0.000047  3504.261046
0.000058  4494.415612
0.000073  3938.699072
0.000065  3378.530022
0.000061  3100.057850
0.000068  2544.510265
0.000088  2046.096017
0.000059  2290.006067
0.000056  2043.896458
0.000060  1717.751834
0.000065  1346.455442
0.000059  1227.638187
0.000046  1532.693382
0.000049  1693.966161
0.000041  1661.159778
0.000059  1329.960300
0.000092  1370.851210
0.000059  1554.736037
0.000060  1697.252908
0.000066  1413.282893
0.000069  1341.520906
0.000062  1215.992750
0.000064  1503.594080
0.000072  1754.560814
0.000071  1514.850212
0.000057  1198.515947
0.000074  1500.126784
0.000061  1478.726042
0.000066  1392.246342
0.000049  1178.648968
0.000058  1443.809297
0.000066  1280.435725
0.000069  1320.162906
0.000064  1272.135450
0.000068  1229.113907
0.000058  1088.365263
0.000050  1066.161148
0.000046  1207.649804
0.000071  1251.775700
0.000058  1094.911070
0.000076  1071.703290
0.000075  883.935024
0.000053  725.473467
0.000061  744.236500
0.000063  667.722288
0.000054  583.055410
0.000076  534.118414
0.000063  545.624495
0.000065  649.362628
0.000068  632.066887
0.000056  705.311018
0.000074  566.349875
0.000048  633.380477
0.000056  562.270878
0.000049  695.279287
0.000065  593.019158
0.000064  655.764214
0.000068  691.343139
0.000060  718.130564
0.000064  802.162139
0.000065  697.605829
0.000054  740.612888
0.000058  835.534855
