0.153548  0.118202
0.161342  0.072731
0.175039  0.083425
0.167424  0.060023
0.122308  0.087138
0.083779  0.139958
0.061472  0.119441
0.089963  0.128282
0.062995  0.087599
0.042919  0.058470
0.034161  0.061355
0.022911  0.056349
0.018922  0.063054
0.028793  0.088506
0.042744  0.091888
0.033028  0.098996
0.053083  0.088468
0.037583  0.095347
0.031432  0.152985
0.037258  0.125213
0.045458  0.126895
0.066567  0.170923
0.104334  0.192410
0.169130  0.183249
0.155247  0.143499
0.217656  0.113540
0.149791  0.146130
0.189401  0.182309
0.274637  0.160784
0.311183  0.143788
0.361042  0.196676
0.508895  0.217281
0.514722  0.150986
0.509116  0.137868
0.794368  0.097595
0.695731  0.128097
0.653109  0.175123
0.449444  0.147830
0.604000  0.199034
0.867055  0.143175
0.673344  0.226481
0.499165  0.171133
0.378554  0.178074
0.495726  0.122687
0.413806  0.156747
0.379577  0.146745
0.394863  0.212252
0.444800  0.148893
0.425913  0.169631
0.373255  0.115351
0.400557  0.090752
0.557410  0.133513
0.814911  0.125635
0.553993  0.145247
0.665306  0.181029
0.424978  0.172200
0.523692  0.190816
0.518255  0.127867
0.565918  0.168376
0.360551  0.110001
0.523275  0.078443
0.533862  0.094697
0.717752  0.111011
1.080234  0.129961
0.880566  0.174556
0.779802  0.110457
0.671046  0.156710
0.668415  0.182662
0.590964  0.117796
0.387271  0.122511
0.544629  0.148685
0.563834  0.171557
0.658660  0.105565
0.681559  0.104339
0.592573  0.143887
0.803824  0.146810
0.566517  0.185284
0.467050  0.213611
0.399716  0.167056
0.358974  0.210769
0.276705  0.168553
0.400068  0.206801
0.308447  0.154904
0.414834  0.147643
0.583885  0.200660
0.356167  0.129923
0.414774  0.162090
0.534005  0.196175
0.509894  0.179217
0.402071  0.138683
0.653224  0.167022
0.564612  0.162464
0.656041  0.266932
0.406284  0.168733
0.491012  0.204017
0.575013  0.153753
0.384104  0.211196
0.420169  0.158799
0.667757  0.152701
0.420322  0.199223
0.624576  0.142982
0.562535  0.129428
0.625221  0.167100
0.603059  0.192253
0.535663  0.160477
0.458197  0.224823
0.688364  0.182038
0.508911  0.215123
0.509045  0.191478
