0.000750  8875.088307
0.000511  10514.095819
0.000429  12022.956553
0.000334  10008.138597
0.000244  10164.340657
0.000195  10090.818671
0.000131  9348.930438
0.000091  9155.524518
0.000092  10552.945678
0.000097  11604.710042
0.000116  11606.672495
0.000095  14246.073160
0.000078  14748.738498
0.000083  12616.134890
0.000062  12650.909971
0.000074  13733.179241
0.000050  15209.928300
0.000057  12452.772845
0.000064  13967.392359
0.000074  15789.548309
0.000088  14755.852665
0.000068  13419.845519
0.000087  10523.057524
0.000080  11623.905519
0.000077  9369.805227
0.000075  7497.994254
0.000060  7344.061305
0.000059  7326.962641
0.000057  6814.321265
0.000075  5549.209735
0.000065  4791.968010
0.000061  5470.696571
0.000069  4402.030544
0.000056  3887.202360
0.000053  3359.445706
0.000050  3866.892332
0.000048  3369.284546
0.000051  3478.804358
0.000066  4237.421978
0.000057  3352.322400
0.000059  3905.602860
0.000045  3311.288496
0.000047  3474.881656
0.000057  3840.631401
0.000060  3764.698090
0.000057  4296.973222
0.000053  4199.673220
0.000072  3634.465046
0.000076  3236.205583
0.000048  3458.033157
0.000067  2701.677435
0.000072  2172.946484
0.000054  1732.074220
0.000053  1427.242865
0.000054  1560.110178
0.000060  1694.733934
0.000056  1681.528858
0.000044  1351.973022
0.000045  1094.780946
0.000048  1267.498782
0.000058  1132.427869
0.000051  970.787517
0.000042  1211.228591
0.000049  1049.533537
0.000051  825.383159
0.000044  964.856349
0.000053  973.729219
0.000036  1039.596373
0.000059  1135.360842
0.000046  1366.035867
0.000049  1731.592573
0.000057  1691.100753
0.000061  1478.680620
0.000054  1210.648805
0.000068  996.583061
0.000060  974.189636
0.000070  955.829750
0.000063  1171.884042
0.000049  924.952368
0.000057  772.362602
0.000054  952.517208
0.000047  808.483342
0.000061  896.212777
0.000057  938.121127
0.000055  796.783590
0.000062  833.351611
0.000055  868.056262
0.000052  968.074257
0.000062  1056.150943
0.000050  933.525400
0.000056  931.246277
