0.000739  12330.050463
0.000552  12976.271424
0.000547  14731.930999
0.000416  14696.053213
0.000300  12384.690366
0.000182  12713.872981
0.000150  13969.166975
0.000131  15254.130083
0.000125  15639.546957
0.000087  13488.633105
0.000063  16790.638427
0.000064  19707.725797
0.000081  17671.980499
0.000069  17832.350845
0.000049  14218.897350
0.000062  13132.194085
0.000071  12391.460941
0.000066  15660.768881
0.000065  13416.902875
0.000069  16226.744789
0.000089  14275.132221
0.000066  11483.753144
0.000063  14641.811840
0.000070  16683.887392
0.000071  20540.383858
0.000062  23706.837660
0.000061  29498.021947
0.000081  32953.318472
0.000068  35700.258149
0.000066  45260.349149
0.000054  40010.528689
0.000048  50173.219644
0.000058  51634.442949
0.000051  47422.323043
0.000057  41516.363926
0.000070  48044.014584
0.000060  52316.262537
0.000044  57466.692330
0.000043  51278.178984
0.000043  64154.750971
0.000042  60830.905299
0.000032  54837.637874
0.000047  51361.135129
0.000059  50685.544193
0.000063  40129.988402
0.000049  39050.064124
0.000052  37194.432733
0.000054  32005.471264
0.000060  27924.906702
0.000059  22413.430926
0.000044  17693.435236
0.000056  18997.030239
0.000054  17550.572157
0.000054  16869.591317
0.000054  16399.052002
0.000067  14656.254840
0.000042  11846.617737
0.000068  10137.296258
0.000054  8181.100891
0.000052  8280.842986
0.000055  7031.084779
0.000038  9005.449297
0.000052  7026.288182
0.000058  5761.356863
0.000059  5016.221448
0.000050  5712.479144
0.000055  4882.031067
0.000060  5241.111053
0.000047  4905.645086
0.000051  5324.233281
0.000068  4470.779353
0.000056  4868.035729
0.000058  4788.813185
0.000071  3814.454006
0.000053  3244.649238
0.000051  3313.923142
0.000048  3241.661242
0.000054  2531.212816
0.000050  2556.820744
0.000062  2040.458579
0.000058  1996.379611
0.000051  1734.851476
0.000049  1828.105224
0.000052  2020.711653
0.000050  1734.265848
0.000058  1999.437139
0.000060  1567.181349
0.000049  1758.837109
0.000059  1505.938700
0.000070  1701.760884
0.000059  2163.299114
0.000055  1751.084084
0.000052  1699.631643
0.000058  1504.072756
0.000059  1261.594240
0.000047  1569.190952
0.000041  1668.904579
0.000054  1734.601329
0.000048  1705.332257
0.000048  1862.848184
0.000051  1657.619262
0.000049  1464.918054
0.000057  1310.132722
0.000061  1236.791101
