0.098994  0.146710
0.061987  0.121323
0.074382  0.091408
0.055267  0.073867
0.081208  0.069292
0.100873  0.083946
0.070995  0.084059
0.112487  0.054829
0.095100  0.078506
0.064095  0.091769
0.053095  0.114015
0.086208  0.102515
0.094244  0.163228
0.081173  0.225848
0.087635  0.180217
0.093478  0.128688
0.065373  0.079270
0.073529  0.094313
0.057223  0.129726
0.058595  0.203367
0.067524  0.160182
0.106389  0.120819
0.082858  0.187800
0.124447  0.236838
0.144147  0.180084
0.187127  0.126082
0.191962  0.144829
0.267731  0.230764
0.308032  0.200233
0.286206  0.125022
0.421080  0.111298
0.291266  0.120449
0.229829  0.109596
0.237763  0.130233
0.321221  0.149410
0.307564  0.111377
0.312847  0.142069
0.391562  0.191853
0.552001  0.246230
0.884741  0.172930
0.755233  0.149607
0.948985  0.202582
0.917114  0.300347
0.625707  0.266333
0.492114  0.193713
0.556432  0.212369
0.772904  0.210977
0.997668  0.224839
0.719567  0.218321
0.560046  0.245925
0.657848  0.308857
0.712193  0.285161
0.973726  0.313608
0.910464  0.506147
1.430317  0.380006
0.920122  0.330745
0.771116  0.218951
0.514775  0.234425
0.586657  0.178774
0.633753  0.166953
0.618270  0.137703
0.729504  0.209542
0.888049  0.176837
0.564407  0.208588
0.420689  0.197634
0.546013  0.192616
0.509368  0.173735
0.698659  0.278344
0.746693  0.176743
0.519585  0.110940
0.635644  0.131799
0.421960  0.197477
0.393805  0.232737
0.565724  0.229511
0.469265  0.166667
0.674974  0.133429
0.910431  0.195054
1.220692  0.212654
1.041116  0.247853
1.022961  0.170392
1.123065  0.154180
0.848551  0.225159
0.874369  0.190582
0.725383  0.148794
0.602431  0.152989
0.731092  0.192842
0.923263  0.140104
0.615416  0.168672
0.798740  0.249212
0.753536  0.270069
0.626335  0.373353
1.008972  0.282879
0.685966  0.273026
0.659193  0.228390
0.700374  0.208109
0.675624  0.190609
0.610321  0.134053
0.686805  0.205070
0.777422  0.195668
0.731452  0.178527
0.509787  0.202629
0.705885  0.180530
0.806993  0.168688
0.800754  0.265955
