0.000632  10371.959436
0.000498  10067.768709
0.000505  8486.277978
0.000422  10775.903695
0.000277  9149.403145
0.000202  9142.428350
0.000131  8773.043571
0.000108  10350.308501
0.000091  12132.993215
0.000084  14847.865027
0.000073  17525.458720
0.000049  14460.661741
0.000051  11508.963616
0.000062  9275.473605
0.000073  9683.100171
0.000081  7853.650275
0.000086  6299.896633
0.000076  6080.709846
0.000079  4994.647687
0.000057  4831.537713
0.000076  4809.671234
0.000071  5932.009059
0.000063  5309.535079
0.000045  6019.701094
0.000053  7601.947460
0.000051  7072.683219
0.000068  7348.004601
0.000052  8849.249343
0.000070  8123.116566
0.000078  6979.176472
0.000058  6058.985712
0.000063  4994.497134
0.000064  5763.627943
0.000077  6566.259632
0.000100  5845.030352
0.000085  5104.866433
0.000056  5613.369786
0.000053  4984.781574
0.000043  5006.275419
0.000045  5519.333289
0.000058  5292.442653
0.000043  6237.110985
0.000037  6755.368690
0.000052  6406.418480
0.000063  5036.918756
0.000046  5514.712706
0.000037  4937.996029
0.000040  4836.655563
0.000041  5160.972783
0.000049  5155.205954
0.000036  4029.865847
0.000047  4711.152898
0.000037  4137.126343
0.000026  3310.262252
0.000030  3466.513010
0.000041  3225.536629
0.000038  2518.792829
0.000057  3033.563873
0.000072  2489.473604
0.000073  3106.988496
0.000059  2742.471497
0.000048  2737.446179
0.000042  2812.338300
0.000059  2433.174170
0.000054  2298.424147
0.000065  2246.375645
0.000048  1841.480567
0.000048  1491.164473
0.000047  1669.745751
0.000057  1686.797910
0.000050  1805.772035
0.000049  2010.811143
0.000056  2252.336211
0.000051  1772.337094
0.000054  1950.129559
0.000060  2239.054694
0.000055  2134.676212
0.000046  1888.306388
0.000053  2056.761604
0.000052  1797.340305
0.000052  1415.461028
0.000056  1173.569310
0.000052  1478.941482
0.000053  1783.323173
0.000051  2007.253894
0.000060  2251.364767
0.000055  2236.267770
0.000055  1782.117758
0.000044  2231.137264
0.000054  2192.305907
0.000045  2417.756897
0.000050  1893.629501
0.000050  1791.273398
0.000048  1503.135381
0.000046  1336.070530
0.000044  1650.508409
0.000052  1937.790019
0.000065  2109.896588
0.000053  1980.848794
0.000048  2095.873188
0.000055  2287.838358
0.000052  2193.033270
0.000055  1749.374987
0.000046  1862.369827
