0.099407  0.117539
0.106326  0.078774
0.086963  0.070000
0.074437  0.045140
0.048482  0.059526
0.056711  0.070708
0.054537  0.094300
0.046293  0.111959
0.041915  0.181708
0.044709  0.167129
0.060552  0.166437
0.053318  0.211740
0.087675  0.278253
0.102443  0.380833
0.132714  0.448451
0.090675  0.380419
0.113709  0.277724
0.108785  0.234295
0.159341  0.310714
0.153893  0.264942
0.181383  0.201892
0.201287  0.133170
0.214197  0.174017
0.351085  0.137027
0.570752  0.170940
0.389385  0.137380
0.404728  0.152960
0.301588  0.168030
0.278339  0.169235
0.350088  0.161180
0.517956  0.173523
0.852105  0.240540
0.545228  0.196402
0.790739  0.180165
0.531272  0.192331
0.710804  0.133643
0.445334  0.172563
0.548911  0.224408
0.688033  0.260100
0.748449  0.160633
0.992262  0.228647
0.791141  0.314220
0.593045  0.244911
0.700908  0.191185
0.647112  0.194748
0.974822  0.212431
0.966950  0.188608
0.972588  0.180358
0.801184  0.143425
0.546459  0.198294
0.770117  0.250628
0.623062  0.234193
0.950153  0.190758
0.644067  0.127651
0.737808  0.209151
0.728066  0.137056
0.708667  0.211384
0.461746  0.161073
0.404793  0.238253
0.597185  0.202368
0.616175  0.292388
0.527274  0.375425
0.761090  0.386728
0.554851  0.368400
0.409390  0.307193
0.311904  0.229952
0.458687  0.277665
0.409742  0.197998
0.433258  0.185393
0.289380  0.167470
0.195688  0.256880
0.299934  0.326728
0.371694  0.207628
0.610831  0.208353
0.780840  0.242953
0.775261  0.159360
0.761015  0.217681
0.536574  0.229646
0.646680  0.182996
0.951250  0.128741
0.753073  0.172306
0.582655  0.219162
0.861134  0.227559
0.674805  0.295734
0.432703  0.226221
0.628603  0.165817
0.454048  0.225544
0.651895  0.326701
0.552801  0.233604
0.443670  0.179517
0.533772  0.166493
0.658242  0.177950
0.572375  0.265544
0.416874  0.201912
0.496615  0.205101
0.609202  0.297877
0.647196  0.348710
0.883495  0.246897
0.741296  0.194060
0.481236  0.211405
0.674778  0.254786
0.704278  0.220570
0.452323  0.231937
0.635438  0.173213
