0.126536  0.064654
0.113801  0.066548
0.122819  0.059476
0.086533  0.062661
0.058038  0.038391
0.077778  0.063001
0.082370  0.064703
0.058872  0.060675
0.040313  0.046174
0.066033  0.052628
0.081444  0.070690
0.078488  0.101404
0.067024  0.161574
0.102321  0.155619
0.085936  0.121113
0.112459  0.140264
0.114410  0.208153
0.156517  0.326121
0.187961  0.234982
0.292754  0.384851
0.365150  0.561370
0.318414  0.489855
0.431191  0.319588
0.652060  0.230489
0.523276  0.280371
0.326941  0.247025
0.291116  0.188202
0.300696  0.261359
0.468671  0.285528
0.525334  0.381741
0.742865  0.377919
0.714794  0.240921
0.735219  0.209012
0.714865  0.185740
0.575580  0.201407
0.621364  0.302447
0.504787  0.385288
0.557646  0.262320
0.559345  0.280491
0.527598  0.254062
0.837509  0.307407
0.684066  0.415110
0.584697  0.367479
0.703893  0.387824
0.601410  0.406392
0.549016  0.422607
0.419369  0.270390
0.451719  0.247045
0.709222  0.276019
0.671534  0.331715
0.695905  0.529762
0.656694  0.503777
0.441029  0.344927
0.600488  0.277101
0.473574  0.339804
0.708213  0.302256
0.461737  0.333376
0.297064  0.284705
0.215227  0.204181
0.151828  0.280720
0.248242  0.337585
0.201152  0.266957
0.171522  0.296955
0.207756  0.282310
0.158216  0.441481
0.254718  0.367060
0.304370  0.431821
0.296367  0.326994
0.201391  0.321650
0.303726  0.282550
0.243215  0.264821
0.377392  0.204874
0.420331  0.269663
0.441605  0.358481
0.389246  0.230733
0.430651  0.292011
0.463464  0.225820
0.521270  0.228831
0.448431  0.297395
0.576619  0.313565
0.393139  0.260335
0.332548  0.301292
0.355756  0.301122
0.416761  0.340941
0.544829  0.268324
0.755483  0.303723
0.513791  0.371795
0.533848  0.244936
