0.001204  10458.402265
0.000896  8857.533500
0.000852  7211.247965
0.000764  8783.028904
0.000596  7902.029052
0.000380  9124.849331
0.000276  8679.937365
0.000201  7160.156377
0.000158  6372.660511
0.000102  5645.863735
0.000118  5446.886269
0.000124  6691.227831
0.000095  6584.899894
0.000096  6465.445588
0.000074  5950.009933
0.000053  5158.052203
0.000050  5771.244123
0.000073  6221.202037
0.000058  6083.672049
0.000047  6293.773676
0.000036  7797.273147
0.000027  6503.253497
0.000041  8228.003692
0.000037  9867.856036
0.000042  9369.411579
0.000041  10247.251244
0.000045  11552.563054
0.000067  10935.778082
0.000046  8664.086043
0.000039  7982.619460
0.000037  6461.038393
0.000039  5819.110696
0.000035  5518.018582
0.000043  5036.903116
0.000048  5252.337940
0.000035  6420.127207
0.000047  5050.641856
0.000050  4666.552722
0.000050  3832.528351
0.000044  3481.589611
0.000057  3588.931344
0.000036  3657.527814
0.000052  4500.230028
0.000044  4788.853716
0.000038  6146.776435
0.000043  5932.485634
0.000040  4904.025243
0.000044  4757.962076
0.000038  5411.014470
0.000042  6270.945902
0.000040  8025.247468
0.000031  7338.118442
0.000033  8854.416261
0.000040  10606.412256
0.000049  9419.942737
0.000034  9816.534943
0.000045  9127.589461
0.000053  10261.261418
0.000055  11925.230019
0.000051  11308.817686
0.000046  9043.334371
0.000056  7435.370114
0.000052  6417.766294
0.000055  6496.431309
0.000040  5203.920501
0.000047  5060.070100
0.000037  4051.093415
0.000046  3698.534871
0.000043  3725.108252
0.000039  2949.049871
0.000052  3747.770040
0.000043  3058.497031
0.000053  3225.319180
0.000043  2884.698638
0.000054  3091.816745
0.000048  3699.120216
0.000052  2937.867587
0.000045  3115.295491
0.000036  2454.620210
0.000039  2129.692475
0.000053  2035.816409
0.000050  2256.752023
0.000043  2546.386682
0.000045  2441.592669
0.000054  1997.680427
0.000045  2420.071526
0.000043  2131.222154
0.000045  1735.906485
